255.652
652.645
161.174
208.111
213.944
182.865
204.14
417.322
543.417
293.787
284.123
280.037
593.835
641.987
214.043
849.85
341.753
292.137
268.318
141.909
167.626
236.389
206.272
228.372
175.118
240.717
157.998
288.034
229.486
139.432
90.844
156.27
135.388
216.36
109.796
97.1755
395.685
118.096
98.2176
291.222
228.402
108.066
128.527
89.6815
5.23675
67.8356
10.6739
10.7684
59.5141
60.0667
131.915
286.411
166.661
127.781
114.819
163.408
77.3598
67.283
164.337
173.989
169.563
128.124
197.385
121.015
115.549
286.776
203.47
196.898
440.479
196.769
92.1365
252.324
316.672
717.918
743.937
322.753
391.126
263.132
177.224
331.831
16.3176
21.1217
14.1841
17.0088
14.2386
4.20543
6.20602
8.65054
4.7318
10.6707
792.603
303.663
203.546
86.0953
138.678
171.312
133.368
550.53
494.211
526.054
251.628
357.564
231.945
483.933
708.743
992.609
383.936
146.716
197.813
121.106
381.389
238.437
138.787
134.053
557.703
215.39
279.909
125.406
193.449
249.002
155.809
201.823
115.373
91.2075
148.987
134.209
183.555
326.608
207.923
125.767
165.434
115.3
83.6167
90.9362
165.203
65.5557
95.5218
82.9266
146.292
34.3477
134.774
83.1152
216.418
243.351
135.658
60.5313
81.6131
73.5867
150.332
282.14
350.83
121.975
190.107
198.098
102.279
319.246
534.254
276.104
345.598
414.099
280.959
298.995
333.087
529.497
344.31
309.656
237.319
321.386
173.532
233.439
169.197
301.282
28.6135
9.47888
5.48218
11.7912
11.1695
4.82896
5.99455
10.7008
569.747
465.277
184.502
87.8383
316.367
133.699
98.6762
583.865
391.911
177.025
240.876
279.618
221.607
777.166
204.723
291.164
422.022
218.529
232.927
274.494
313.26
184.998
233.08
361.362
212.503
242.347
316.209
186.054
185.686
300.551
182.494
196.762
115.477
181.499
280.912
382.803
318.567
185.542
239.31
114.612
170.534
244.901
155.772
129.361
69.1387
57.3295
63.8163
153.359
65.7425
47.9129
160.387
273.746
350.393
455.487
134.186
93.2431
64.364
127.974
137.896
343.826
249.998
183.731
151.672
58.3035
70.5936
211.346
299.428
209.496
339.765
293.296
365.028
553.552
1146.8
681.818
349.176
289.427
204.223
281.994
153.988
128.394
226.197
278.729
480.187
285.74
9.44652
10.6511
8.90985
10.1593
22.4815
7.37468
168.631
183.386
106.098
65.3601
53.2443
43.2469
190.991
199.384
90.9166
164.953
189.305
147.657
293.496
189.272
721.481
581.974
126.651
187.777
179.953
284.53
283.67
346.001
208.798
132.365
483.748
310.241
283.837
227.66
357.728
190.439
207.831
145.22
309.411
180.379
251.825
149.169
310.611
106.761
86.2587
130.851
135.76
113.632
219.117
87.318
81.0252
111.739
126.862
58.4288
96.1021
53.9929
139.082
201.954
291.021
109.955
175.987
81.5636
68.7257
69.0094
120.092
252.765
133.981
460.234
189.723
124.986
131.686
265.505
151.545
393.777
352.982
303.552
335.579
528.858
422.556
683.664
300.086
355.337
137.787
213.821
185.896
331.897
589.773
370.943
267.832
283.302
177.153
21.4979
7.50597
12.5392
8.18798
97.6042
151.05
116.381
120.617
78.1712
169.336
40.461
166.21
118.048
15.824
117.157
259.724
237.908
112.503
302.815
318.014
436.793
285.517
133.675
105.415
224.2
122.668
272.31
349.525
210.067
280.357
365.362
180.845
232.318
290.926
155.109
306.562
233.57
269.26
211.714
230.331
239.216
162.823
158.287
210.546
155.87
110.458
78.1933
86.7077
70.3713
75.7088
66.0973
87.9392
95.5544
126.489
126.802
120.158
109.875
114.18
88.0944
90.8969
112.485
85.9378
125.779
143.678
170.086
259.538
117.775
176.122
84.9024
242.458
100.806
224.377
133.273
110.09
212.36
109.716
433.867
405.662
828.825
445.321
345.705
405.015
184.383
192.204
323.522
163.452
128.96
241.944
191.424
204.965
365.116
54.6692
14.0994
257.634
112.717
109.666
86.6875
56.1736
122.951
50.2984
102.191
155.533
11.7132
14.7451
15.2703
124.667
84.2816
123.481
305.986
387.956
175.055
118.774
189.57
175.335
344.038
251.341
290.612
394.223
222.562
197.854
311.187
240.537
223.55
166.754
218.159
145.953
197.541
247.647
144.361
366.119
304.285
202.016
274.672
207.041
258.153
194.926
130.16
145.614
80.1342
69.8295
72.7654
97.5465
137.878
139.304
132.792
120.798
138.997
205.327
60.1042
78.4768
114.302
158.257
145.172
93.0076
177.364
169.96
215.527
150.697
152.448
189.947
126.94
95.916
138.871
275.54
396.061
159.046
930.377
341.613
386.973
788.761
1018.77
489.008
260.245
171.73
276.336
254.024
210.32
151.586
232.273
370.797
524.581
404.022
22.1827
421.587
240.013
61.1743
63.0873
73.61
49.0659
68.6932
10.257
115.622
11.1402
12.9635
6.3194
12.2636
6.57179
59.908
131.885
208.673
183.763
152.857
156.552
379.847
332.885
321.504
316.525
441.613
240.427
323.446
225.007
165.159
216.504
270.014
168.304
72.9042
112.57
194.348
133.47
278.511
339.754
342.675
308.309
249.878
97.9173
130.118
95.7805
85.7122
171.939
138.986
168.115
80.2203
88.5648
99.5338
56.9041
68.5795
82.8914
93.4131
74.1811
111.543
154.753
114.929
127.986
185.332
147.263
411.009
71.9754
155.564
140.774
170.907
116.751
213.385
101.046
275.648
149.249
411.379
326.618
289.126
661.6
584.769
660.764
807.486
435.342
402.318
201.06
203.441
214.551
388.631
559.404
866.32
457.877
210.009
359.626
405.618
328.226
100.509
3.68136
4.52866
43.9242
6.63635
206.461
127.77
5.78191
5.93999
4.36514
6.1609
4.6972
4.80367
82.3169
75.4918
109.088
183.685
136.374
245.867
132.966
174.691
477.883
384.642
521.036
339.443
139.66
92.9882
201.485
270.934
215.584
169.765
130.425
102.631
326.059
184.456
140.824
212.254
137.252
143.309
200.808
150.728
101.279
59.9175
49.2106
84.7647
97.7643
185.208
88.6923
92.805
81.2736
61.4748
72.7733
39.6321
139.901
92.687
347.322
514.274
204.452
144.379
139.123
251.26
133.044
177.923
89.0073
219.678
364.348
272.664
206.865
203.524
168.436
307.614
366.647
598.059
580.658
516.066
537.705
859.678
322.742
611.29
311.994
363.645
616.813
509.725
490.022
814.435
429.389
343.849
194.214
335.532
434.221
73.3959
98.8603
4.40267
8.9748
102.969
6.72758
10.4636
18.0432
6.14601
3.24428
3.8288
4.67583
5.40973
5.99764
99.8697
8.06265
121.619
241.0
196.424
117.872
197.685
385.087
493.012
282.445
268.703
258.463
136.314
189.119
225.305
161.099
136.999
149.023
56.8048
71.2557
149.522
129.83
92.9101
87.3856
228.733
185.91
237.682
63.1582
91.6426
76.2004
122.016
110.949
65.0439
167.313
133.97
144.622
60.2529
76.5263
135.496
107.269
193.409
203.856
325.338
287.337
219.961
191.104
215.9
301.947
209.151
65.0358
252.995
149.316
214.05
141.396
238.389
138.233
105.39
270.855
454.001
629.468
491.206
937.588
530.431
313.498
419.868
613.333
596.856
150.149
440.446
441.507
415.037
348.924
176.429
199.768
479.74
454.167
204.597
23.1026
9.93849
7.69766
3.897
3.14491
4.24957
6.99831
5.21258
3.36401
2.9314
3.41341
2.35026
4.78795
7.96279
5.00968
2.91418
112.937
9.33526
264.559
215.311
327.983
425.565
393.328
354.242
221.908
223.254
518.972
326.257
317.728
121.444
146.728
139.654
277.553
161.397
129.38
40.0501
114.771
72.5031
82.9825
99.1659
119.476
39.5982
62.5547
198.839
136.789
65.2493
121.22
114.789
140.558
39.1373
114.765
178.669
104.032
90.7443
210.737
194.757
119.318
285.664
108.324
228.351
199.5
95.3932
130.683
260.845
277.652
214.609
171.141
198.193
112.301
198.533
158.43
434.951
587.197
640.429
806.633
652.026
367.45
442.783
720.305
542.979
606.341
187.705
228.598
302.775
461.25
376.709
486.314
257.435
358.762
112.888
114.424
13.5665
10.4927
3.69077
5.37621
7.66692
4.41309
4.2564
3.18676
1.02031
3.76612
1.90984
3.30787
1.92744
5.62214
2.47439
4.34821
2.61498
7.71484
6.8719
311.807
331.282
415.949
144.688
273.694
103.52
290.774
153.09
222.011
222.224
231.702
225.155
348.732
109.697
157.216
87.2098
47.5112
69.557
76.215
87.7842
95.5934
47.2192
40.6716
108.22
198.614
72.9503
75.6716
96.2117
85.8699
90.2271
49.03
73.5561
11.3159
11.9287
10.988
27.827
24.6802
16.2608
6.53727
11.7516
15.1109
13.4824
12.976
209.207
10.2758
145.922
243.675
285.46
308.46
162.036
200.684
210.151
513.142
704.586
626.886
648.655
467.956
539.664
261.252
577.051
651.105
493.397
380.473
543.702
400.388
798.58
518.243
220.012
169.544
244.008
144.222
14.1293
4.51372
7.17537
10.4916
3.6139
3.775
2.27407
2.55678
2.40106
0.964322
3.83649
1.79744
2.44726
1.80787
2.85531
3.25599
1.91517
3.89895
8.30248
10.2193
17.3619
8.46816
17.8158
102.894
157.93
119.046
176.595
257.0
139.1
231.24
240.497
180.684
239.465
108.096
62.1165
85.1641
51.4227
42.0837
93.0145
58.7549
64.7006
56.5351
64.9757
77.7114
50.1351
154.142
114.418
12.187
9.99505
6.90916
10.547
9.67891
16.1749
9.3635
12.7087
16.7512
20.7253
7.51172
16.5917
27.9539
15.615
10.3717
19.0729
9.21902
6.20303
5.39754
5.34254
200.355
403.256
281.717
299.575
430.756
684.963
602.67
403.122
164.393
386.175
495.784
535.433
492.479
753.036
828.404
556.91
428.429
414.771
852.485
527.685
438.009
328.833
271.966
22.9916
14.8065
7.25738
8.90199
4.15545
4.71863
3.69603
4.66305
1.67063
2.79091
6.24128
2.88703
4.81075
3.92636
2.18679
3.60795
2.78335
3.53635
5.34499
5.57625
2.91014
5.50416
3.60018
6.79825
4.28533
4.44792
122.697
124.607
137.926
275.469
406.179
207.278
128.045
105.869
86.429
149.073
68.2045
56.5455
76.0364
140.082
119.173
76.7412
70.9959
8.29184
11.018
20.3707
7.88854
18.6274
14.1157
14.6538
9.46304
9.78856
6.90761
9.68648
4.45111
8.54083
7.57801
10.2939
14.2657
17.7128
13.5171
8.26292
10.1548
3.68452
9.14584
3.0782
4.92389
9.24637
15.2857
471.148
396.819
276.912
618.586
448.221
524.193
336.057
196.579
425.466
253.012
565.69
602.961
1183.04
435.205
767.201
1516.72
819.833
1520.39
756.445
293.931
237.621
241.652
13.7973
12.5974
7.0623
4.75836
3.048
6.10305
6.8643
3.45984
0.976148
2.5219
3.99995
5.10277
5.33326
2.51049
2.93545
5.55948
4.89452
3.24933
4.02831
3.01445
4.01335
4.30541
7.89339
2.90054
6.54495
6.24108
5.68072
4.54814
2.82429
144.083
4.58488
66.4585
86.0473
79.0923
128.935
104.743
63.9386
151.44
8.26237
110.102
8.4569
10.9843
10.3132
9.20255
6.42036
14.5594
31.9464
20.4653
12.8884
5.10549
24.9859
6.62962
9.57559
3.43209
9.1339
11.6855
9.90861
11.043
12.21
22.9513
25.7967
6.86755
3.18334
8.47493
6.17486
3.26369
34.7331
19.9316
16.621
219.861
376.95
463.122
250.771
534.832
915.039
708.224
650.26
658.267
956.53
428.062
831.636
1025.48
978.733
818.477
1211.67
988.225
531.443
380.391
203.248
155.68
146.783
15.2317
19.3797
8.31623
4.17934
8.90503
6.75737
13.6193
2.56176
1.94837
3.35736
20.7491
6.50082
3.21314
7.17191
7.03474
3.00149
2.598
2.83484
2.7885
5.60598
4.00941
1.99078
5.40248
5.33641
6.86538
3.14564
2.31159
4.01489
0.822253
6.93952
4.53888
7.02532
15.2357
13.4183
33.5292
9.52941
16.0331
5.88147
7.53544
13.8829
119.227
128.737
125.263
247.221
208.098
225.534
29.815
26.4817
15.5107
5.50398
3.3587
3.57071
3.74709
4.15286
7.58993
18.9108
19.2542
16.6829
9.21964
20.5726
6.68245
12.5269
7.14612
5.57481
7.63287
11.1303
25.3534
9.93816
14.3992
32.2131
159.435
317.337
565.186
686.001
815.235
500.551
468.771
588.665
925.313
972.443
923.421
747.94
1264.9
1434.74
1096.52
1596.22
260.743
206.39
216.908
369.255
154.086
8.08004
8.35945
5.22865
4.88724
8.06634
2.93277
8.96957
5.67468
11.1861
10.9704
3.76133
6.07842
4.30401
6.37909
2.08132
2.18846
1.55126
5.188
2.09461
1.97522
2.14838
4.72024
1.82686
5.35358
3.70068
7.59903
3.93453
1.52621
5.48916
3.23673
3.47499
5.87149
24.4331
7.97339
14.3343
11.7052
109.513
186.75
255.155
283.236
108.319
151.953
179.236
160.041
113.656
408.765
242.512
188.524
9.17632
6.92677
4.35057
3.12886
11.5594
5.71914
10.5833
14.7443
17.0304
12.5672
37.1246
21.3112
8.40184
9.15558
6.17173
9.22317
23.0663
15.5131
12.649
30.2201
9.89238
255.529
274.931
537.07
350.962
643.516
909.839
735.108
663.762
1151.5
809.059
587.598
815.039
2135.88
635.403
966.908
593.682
112.662
364.463
180.962
449.244
186.244
111.617
83.8389
9.72905
2.6054
5.66972
14.9961
5.69156
10.9144
2.58672
6.36759
7.08803
5.85608
3.4597
7.24628
2.47598
3.94771
2.82037
4.75136
1.77779
4.02908
1.67455
5.7341
9.5021
3.22649
6.49774
3.7384
1.30389
1.01547
1.58991
2.97209
2.74908
13.9033
6.49958
11.6326
222.437
142.072
174.366
150.837
269.856
202.689
75.2672
145.166
307.942
254.388
237.473
335.828
409.992
169.822
216.858
91.9978
135.592
4.01125
8.06607
5.04334
4.98552
9.26871
11.2827
7.625
12.5237
11.3622
8.7321
4.43639
12.7164
4.37926
8.49074
14.0879
7.29018
18.3953
23.4401
8.75684
16.4672
219.205
1116.62
683.75
363.709
436.158
568.639
877.499
868.702
1428.39
849.476
1688.45
608.408
1214.26
952.797
423.024
200.609
169.135
223.38
269.594
170.187
99.9712
17.9616
7.22245
3.48477
4.24307
4.75168
6.81059
5.72633
6.6353
3.90304
6.73083
5.93426
6.69859
3.46428
1.66127
2.79574
15.9154
11.1799
8.32419
3.88263
3.69154
5.76313
17.2108
3.92724
2.82593
0.901349
0.928623
1.52095
2.25255
3.96942
7.41257
15.2213
153.572
159.546
105.564
310.19
305.612
233.974
292.95
216.245
145.989
230.406
287.78
198.004
141.541
134.919
163.402
261.38
115.914
90.2406
87.899
50.3801
17.3101
7.42565
8.09936
7.9612
7.92168
18.2789
21.244
14.0224
8.27764
14.5929
13.9789
10.0296
12.894
5.39314
3.93922
17.4493
5.94661
7.20588
10.7101
368.071
473.888
621.268
937.393
857.899
1016.16
1271.85
1907.58
1497.95
1094.02
1371.74
674.416
389.803
303.524
425.335
332.469
374.714
452.85
286.047
161.366
31.7284
5.65126
5.27295
7.17788
5.94394
4.40505
5.9531
6.64608
11.2379
4.93324
13.3883
7.65137
2.68647
3.57086
1.84548
1.81939
2.11639
4.11198
6.43876
4.79301
10.812
5.66609
4.14823
2.4807
1.2583
2.4681
0.892246
1.04701
5.22278
148.301
152.778
366.235
194.644
242.277
241.874
216.757
290.356
222.709
171.223
276.995
677.228
255.098
211.998
148.847
136.392
181.377
172.637
123.252
71.8426
119.058
96.8543
11.6382
9.5988
8.22711
3.69259
5.89695
16.4519
24.8247
11.5931
7.78629
24.3505
14.9628
7.92452
8.42754
7.96769
10.2126
9.23138
15.5073
6.13701
20.1347
9.68028
9.42227
254.132
779.847
947.177
1256.86
1183.24
4849.81
1695.24
1228.75
1134.77
693.224
474.306
520.988
582.662
327.696
446.119
319.661
296.483
142.277
69.2354
5.88881
5.46701
14.7286
3.27125
8.18315
7.83901
8.29536
4.76815
4.22247
1.88134
2.07284
2.96745
11.5268
2.18946
2.07077
4.34651
9.85213
18.1911
15.8748
12.1931
11.1643
3.6745
6.71673
2.268
2.67118
2.22627
57.1713
186.659
248.171
389.917
165.41
151.679
205.981
74.9292
172.966
218.595
199.426
209.306
338.774
365.079
351.447
214.766
243.422
144.331
161.347
99.9587
99.8888
141.378
88.8526
85.8149
109.181
8.74039
4.9339
5.20071
6.51154
11.1782
11.9209
15.3424
25.6228
17.5798
17.2351
16.1081
8.64794
11.1371
13.82
15.3891
18.3444
14.3287
6.96961
7.44477
4.1863
12.0578
26.5943
433.29
946.878
699.214
1091.86
1689.8
1001.43
1223.2
1136.52
556.123
634.426
470.658
414.412
760.902
449.947
284.911
158.922
137.8
129.704
11.6164
7.34522
6.24804
18.5467
4.19586
5.17223
4.46405
3.61465
2.43127
1.75934
2.22396
1.56197
2.20599
2.82866
3.04977
565.045
894.296
1280.21
313.571
599.105
22.1421
5.22552
9.57423
152.624
125.605
88.027
267.719
807.681
303.193
159.262
187.29
218.202
101.556
99.2295
136.001
142.09
357.091
374.499
140.793
396.397
234.772
139.323
137.426
188.101
160.195
244.199
127.247
100.092
183.163
151.221
83.0454
8.36578
18.2912
6.98116
5.68678
8.30959
10.9415
20.8725
22.0715
15.919
16.7712
9.52172
10.6109
22.9133
3.30861
16.0421
10.727
13.3439
12.6137
15.0458
8.73392
18.2191
30.1945
466.72
537.423
735.524
1838.95
857.978
1525.02
1443.86
658.739
458.026
783.333
436.808
923.706
417.972
158.497
189.596
258.824
134.113
191.483
10.2168
18.5314
12.2616
10.4239
4.95908
3.86346
9.22255
3.31007
2.10132
1.37539
1.12759
102.267
92.9426
166.811
327.222
419.885
1341.31
1003.22
800.176
475.219
337.899
226.472
187.001
275.691
368.473
401.99
246.715
567.245
410.237
197.399
94.9205
248.46
81.5493
85.678
270.812
168.958
235.288
212.738
134.023
190.891
123.74
293.315
228.838
98.198
91.3989
406.967
238.102
157.148
71.3654
141.511
5.30009
9.28376
8.98055
8.27028
12.3329
5.89111
7.07383
28.0667
27.4636
8.49017
9.24545
16.2654
9.92709
6.82336
5.69359
9.77815
14.4021
50.0818
11.0401
16.3911
13.6459
18.7927
8.34701
367.643
964.233
885.036
913.206
1420.69
658.229
1207.21
810.245
676.676
888.06
1001.18
656.692
621.025
590.667
208.194
109.507
160.425
16.522
18.6531
45.8473
10.4919
7.90417
10.3542
4.14423
1.90855
95.3479
84.5302
91.1081
141.167
252.16
380.46
841.268
571.96
443.1
822.094
504.539
478.285
495.912
144.754
275.405
202.455
357.638
518.222
659.891
343.803
362.057
217.783
142.012
126.585
160.846
80.9612
167.513
273.933
198.479
201.157
81.6838
137.679
130.791
133.771
191.303
272.691
147.669
357.865
235.633
254.684
264.748
127.12
6.05379
3.76973
4.72416
9.40261
9.58435
13.3999
14.3574
20.9611
14.4591
38.8308
7.13062
14.0702
7.95888
12.5995
9.09901
8.13976
27.2206
24.983
23.6446
8.87013
42.483
14.0439
35.6107
49.0721
458.304
522.108
1399.43
664.729
723.206
1206.78
737.074
608.641
384.172
1286.14
832.986
427.766
569.719
121.13
191.91
175.763
15.9269
10.1467
187.323
18.2508
170.794
164.885
195.208
261.032
191.571
147.251
174.959
244.724
382.819
707.053
542.951
300.056
297.771
427.14
893.865
585.646
542.125
300.491
373.902
388.589
477.319
398.5
106.346
347.678
224.045
194.939
234.656
162.172
273.427
141.644
162.855
247.904
482.534
125.341
266.317
98.1473
164.498
100.269
168.228
249.926
546.623
363.431
216.951
284.095
195.675
233.715
153.125
259.698
159.132
18.4669
121.329
22.3932
32.1253
8.35007
23.6106
10.1826
10.0779
8.97719
9.49712
12.0162
5.49789
13.7385
6.58597
13.6402
19.2654
11.5351
31.6807
17.1021
35.8604
36.4257
27.926
875.457
872.301
1184.83
774.983
1270.85
550.159
622.966
524.241
562.864
372.721
391.041
184.265
416.722
161.26
237.441
351.035
291.918
283.587
160.288
160.27
203.345
138.636
223.918
228.794
399.061
141.963
691.974
725.092
1297.75
954.868
426.778
656.501
446.208
603.412
694.922
516.999
447.952
278.103
596.886
383.537
143.587
285.284
156.841
162.364
315.809
123.21
287.517
189.524
231.095
150.338
208.245
175.878
239.965
76.7259
112.894
100.875
151.965
231.968
175.693
181.286
251.178
905.971
443.222
296.932
236.383
266.809
151.166
235.48
126.952
99.1717
76.1111
163.03
202.415
120.273
9.73456
3.68691
7.62817
4.43861
9.20316
22.3266
23.4903
5.58912
20.108
19.1859
51.4853
224.592
146.026
493.291
129.296
277.255
340.739
181.072
526.247
260.009
432.717
294.499
625.058
567.755
739.833
294.22
441.264
418.626
432.818
214.516
154.931
175.042
254.89
471.579
449.606
112.338
223.933
178.252
7.61859
276.095
575.44
405.679
366.918
791.607
1075.27
1664.2
739.463
647.663
308.838
224.259
421.008
462.118
564.735
455.23
772.871
341.542
289.882
176.403
107.491
318.172
294.749
493.077
118.925
143.926
103.063
162.787
242.434
365.566
146.286
93.5368
67.622
189.239
247.566
119.838
236.853
480.878
269.182
401.93
290.09
339.488
278.274
165.279
344.416
414.975
102.448
144.023
111.678
167.996
162.507
101.676
197.772
203.324
4.07564
17.8715
27.4182
12.5742
16.3731
7.54127
9.51103
153.156
286.149
323.185
198.091
164.491
88.3837
255.438
109.832
227.121
317.696
241.677
516.882
641.763
420.238
703.151
667.527
609.929
433.596
581.587
398.487
221.095
121.003
193.388
249.658
780.925
35.0285
10.0412
7.69395
16.6347
267.12
625.583
947.075
446.579
786.186
1165.8
1811.02
1071.3
823.744
588.268
451.522
711.958
309.421
264.955
335.875
340.045
179.089
462.099
147.117
218.001
93.1911
171.831
249.585
107.466
314.093
264.029
128.052
56.924
138.492
255.976
189.802
142.059
64.8294
231.111
217.421
250.398
362.516
467.279
296.123
201.672
249.303
444.259
420.623
141.227
231.286
275.118
148.561
157.807
184.233
102.737
154.846
151.996
231.157
124.547
253.885
21.0879
19.8192
20.5659
23.7057
14.0292
198.405
164.985
169.909
264.491
367.875
230.157
224.652
302.823
151.392
300.471
343.297
137.113
280.301
183.294
303.953
413.365
559.32
318.003
593.929
803.325
489.916
600.767
282.711
258.697
187.039
245.955
522.612
291.831
317.379
308.124
178.908
545.265
381.814
503.558
679.214
598.726
401.291
396.76
1017.9
448.258
911.476
605.001
426.334
643.292
274.967
339.085
136.674
258.295
221.395
156.607
149.266
55.1947
113.114
235.356
158.225
182.52
274.727
95.7868
153.958
264.594
219.969
299.455
195.304
159.058
297.555
443.712
425.268
293.362
227.399
253.752
414.05
311.405
282.104
195.628
255.552
227.174
268.694
218.689
227.975
188.808
386.58
326.037
365.836
454.753
297.234
262.288
185.843
14.6892
8.81305
17.5396
108.848
90.2068
249.261
97.1626
182.221
163.694
103.332
121.823
202.745
185.916
136.512
211.906
179.353
198.601
341.147
154.533
306.702
595.468
220.005
710.727
645.168
456.82
278.91
243.24
203.331
252.356
322.635
281.443
500.355
598.408
551.304
653.417
492.225
647.248
807.876
446.49
504.964
478.245
463.369
316.683
400.181
844.866
455.434
319.608
379.888
311.509
314.655
201.616
75.4321
90.0209
75.5892
120.11
109.02
239.059
421.716
244.041
167.005
208.063
234.91
102.254
165.71
229.297
299.712
229.711
297.36
265.695
471.442
945.563
311.024
325.929
438.476
442.242
269.76
151.978
188.927
214.83
281.5
356.533
273.195
215.498
106.141
309.473
277.398
405.345
205.924
179.72
132.425
215.188
171.249
14.295
147.232
138.51
176.127
353.823
173.907
197.42
177.969
126.146
121.636
180.657
232.463
165.878
230.301
241.172
284.921
90.3134
294.421
159.472
427.354
565.916
512.105
736.192
401.038
492.823
528.735
187.752
361.717
281.71
472.369
545.473
457.561
637.85
406.737
796.178
458.457
515.341
605.686
404.998
619.271
391.64
503.537
372.948
302.186
513.048
786.984
365.797
317.242
176.057
168.398
221.769
112.357
246.194
167.614
161.304
476.557
271.516
267.416
102.712
149.218
74.5896
187.013
235.988
197.372
422.974
428.03
171.97
331.103
228.064
348.063
537.602
645.581
239.529
381.484
220.384
227.488
94.4219
238.896
139.238
164.05
176.249
202.553
258.321
351.131
265.549
348.576
180.231
132.383
127.175
221.13
210.525
99.883
270.032
161.563
225.015
331.07
177.884
245.115
333.686
332.727
280.539
361.868
495.458
130.833
91.0157
205.695
198.929
209.827
121.371
672.416
485.522
602.023
1134.94
915.869
446.705
715.069
531.346
150.393
465.816
756.389
624.252
429.074
925.028
696.676
448.941
175.604
256.742
494.77
504.317
602.184
662.559
383.798
476.656
306.592
526.588
340.832
515.062
228.463
251.243
271.604
117.642
102.474
149.748
246.651
227.189
172.585
371.322
403.857
37.2886
6.75928
15.7805
223.041
94.7911
130.064
249.593
502.804
243.09
534.178
225.875
300.126
305.198
508.112
240.631
300.511
429.274
269.052
320.977
172.155
183.679
209.925
202.167
104.556
51.6143
267.425
284.031
220.284
321.18
149.668
254.032
150.965
153.591
155.864
312.906
172.002
449.516
429.224
433.037
450.614
476.819
1013.43
500.334
339.697
425.303
215.72
132.51
201.15
139.021
181.804
211.609
282.885
503.047
576.907
705.607
1019.53
809.127
1034.15
428.71
430.473
210.215
939.658
1232.81
735.42
977.846
365.04
527.562
305.028
216.67
264.964
344.284
323.543
649.53
635.001
335.761
302.795
246.17
249.577
254.65
216.216
257.608
196.113
175.854
154.245
143.781
256.417
228.32
198.826
116.642
332.055
155.158
8.56396
9.53441
152.869
15.5274
5.83992
282.058
356.423
238.802
230.838
235.081
545.551
377.462
405.753
414.692
429.439
336.16
252.667
253.481
227.427
223.712
124.673
160.511
104.482
75.6118
161.508
470.972
270.286
211.034
313.529
219.03
256.276
156.299
208.63
452.537
297.33
427.435
335.705
751.24
471.736
279.8
240.545
172.947
189.63
176.281
258.454
228.996
182.168
250.755
203.214
495.03
206.238
420.784
379.67
571.124
554.58
541.868
609.366
986.057
497.342
774.745
712.438
513.671
1051.89
534.556
384.45
410.22
212.993
291.479
263.781
373.199
265.205
279.637
669.652
578.435
305.823
511.165
244.455
356.684
338.681
569.548
403.528
208.553
181.182
198.159
201.994
322.246
474.721
221.578
97.8342
183.999
92.0047
8.14348
97.0794
155.557
144.954
13.5365
358.825
575.703
405.119
210.999
284.234
235.349
367.992
182.213
584.677
202.91
240.984
201.144
110.637
227.764
262.679
234.994
246.547
83.1989
133.933
224.754
267.928
330.066
325.731
252.545
285.246
304.004
761.915
595.75
491.394
489.558
305.803
715.212
352.419
464.056
312.108
420.557
219.044
226.621
300.344
376.561
248.888
153.805
163.222
266.463
356.646
108.423
230.944
323.815
331.806
335.431
749.884
571.499
692.867
803.712
882.698
651.679
1444.25
787.843
583.084
486.581
532.213
293.564
192.305
226.263
282.979
219.11
213.251
583.142
396.133
454.919
397.93
309.862
393.243
383.687
361.464
377.207
458.438
275.244
486.606
231.369
206.732
230.239
110.2
111.806
223.609
156.699
163.912
299.595
194.751
251.668
15.3554
322.764
191.05
261.634
300.976
171.343
454.696
443.45
433.326
285.833
190.964
213.393
143.787
170.15
197.752
225.297
120.394
75.7314
97.3033
118.447
147.196
428.76
193.757
445.532
334.025
359.249
316.083
656.85
528.076
1260.26
690.915
356.72
412.788
291.801
339.003
377.569
273.801
198.819
452.993
298.515
254.123
243.438
291.707
80.4984
418.226
113.486
258.706
418.195
178.354
321.483
437.94
557.267
897.763
646.979
673.373
702.555
671.136
776.868
400.314
514.296
268.354
244.636
202.794
266.887
601.928
482.638
290.177
605.978
416.122
685.784
734.802
386.999
653.77
254.536
345.964
529.03
624.393
1025.1
413.334
709.12
258.329
210.772
148.361
90.2338
243.899
278.919
373.836
270.268
327.124
213.65
151.191
264.825
173.716
309.023
312.844
246.25
488.443
947.682
221.285
487.27
281.617
292.759
158.571
161.936
211.055
176.993
200.793
134.108
103.663
183.366
136.566
169.866
199.829
287.459
353.323
157.406
389.11
549.839
541.895
869.497
420.301
187.033
214.008
182.631
153.554
192.291
564.679
191.537
594.68
255.272
383.744
325.85
274.512
190.3
276.293
108.158
371.14
228.666
494.297
381.443
189.941
484.674
1226.75
634.785
507.301
866.241
1036.38
1755.74
644.041
724.097
537.298
347.189
340.427
404.429
777.58
467.24
373.078
292.404
563.979
692.953
650.91
460.138
367.282
816.851
391.683
395.336
291.945
419.564
944.549
380.843
296.202
177.795
14.713
165.066
388.066
39.673
402.093
176.647
164.554
175.067
150.947
116.987
232.219
196.546
456.466
237.449
597.01
350.25
401.809
276.822
316.177
221.93
313.393
463.959
339.881
365.015
250.275
155.495
201.541
145.627
115.178
95.1411
192.417
183.671
405.422
327.345
377.625
221.248
597.835
513.116
480.838
267.988
409.668
296.007
214.623
235.304
202.085
123.126
119.795
428.293
329.232
257.533
196.586
114.034
83.7831
79.0633
164.586
333.741
400.474
349.453
525.206
504.762
393.862
1067.25
1237.59
860.451
1428.76
802.356
614.007
1542.12
695.28
492.63
636.827
304.536
381.897
454.329
338.935
566.849
731.125
988.11
710.112
429.407
487.854
649.763
572.394
544.403
548.304
319.586
451.086
653.884
249.545
232.196
291.622
91.7021
77.3084
16.5772
13.1556
16.9984
186.553
264.724
185.929
133.879
153.994
191.543
112.412
256.842
181.584
667.933
496.974
244.024
268.982
258.966
339.189
141.083
402.512
395.669
365.295
147.257
88.5309
206.607
63.7813
115.671
124.065
180.348
347.582
299.652
326.29
590.141
530.975
799.158
689.853
1030.24
337.508
201.301
194.717
143.437
159.04
226.27
263.908
257.026
157.093
181.513
173.952
101.814
120.267
124.425
62.1072
149.516
335.772
319.299
308.268
508.226
606.079
449.805
1363.44
1226.52
1078.07
820.448
984.687
1787.95
992.724
1111.69
376.615
502.65
508.429
722.863
1003.7
647.889
1039.16
703.339
831.567
565.887
299.635
464.589
585.768
591.163
508.387
591.719
529.765
457.618
447.204
419.247
16.5287
10.2041
12.5066
4.91726
8.2924
114.814
86.3334
102.838
138.16
134.648
189.907
211.353
229.719
229.238
189.431
278.439
314.886
206.755
181.792
252.347
192.645
311.291
131.361
179.139
154.356
165.054
161.675
140.968
186.744
110.378
167.331
191.87
206.929
387.885
634.896
1163.53
522.66
903.923
836.779
496.473
491.161
195.398
189.218
154.19
146.159
140.365
111.745
135.201
277.96
126.562
214.63
160.926
115.61
159.688
124.889
169.166
304.736
516.414
662.84
512.08
321.138
875.049
1210.18
888.57
2005.15
866.479
695.188
573.232
249.043
490.761
450.49
489.664
533.729
726.886
977.399
1157.93
594.962
531.47
669.697
393.027
173.647
260.347
377.273
386.468
585.802
610.629
494.705
448.545
20.7051
14.9536
20.5163
6.26652
4.14899
6.84616
4.89318
94.5186
138.341
145.971
79.7047
148.762
179.269
433.427
155.422
160.529
140.087
142.507
280.21
361.564
153.462
166.242
166.843
276.284
162.593
276.534
161.681
120.702
138.154
157.549
100.869
239.864
169.733
175.962
213.636
316.862
647.135
585.164
904.902
516.65
472.329
365.231
175.048
141.408
252.963
213.965
120.4
54.4254
97.6805
203.622
172.782
152.557
222.857
350.032
257.366
105.589
97.1812
97.4573
198.649
280.739
308.573
221.439
365.861
419.135
1227.64
1356.55
1272.86
745.108
533.854
317.157
361.449
480.654
1057.31
480.574
447.881
848.204
742.824
1016.65
936.209
674.209
588.117
521.513
796.238
235.126
447.684
338.003
392.812
635.62
464.133
465.855
152.331
18.0384
7.97499
4.31165
3.64897
8.91133
9.74801
4.42426
57.3786
134.402
151.026
372.114
182.688
220.056
237.155
114.321
203.125
278.991
376.01
167.093
122.776
131.308
183.613
174.659
241.331
290.433
190.061
271.013
133.752
269.498
299.949
226.659
295.987
145.202
251.22
357.317
254.973
735.934
385.729
407.804
286.626
193.335
244.781
120.828
373.184
167.488
277.354
117.757
119.783
382.501
342.524
206.008
364.733
158.892
156.817
215.326
81.7538
294.075
225.609
164.923
159.558
420.189
243.517
547.542
580.393
598.154
690.381
1115.63
800.815
742.355
459.109
513.535
399.25
256.093
564.204
750.534
370.233
1098.55
1072.33
496.3
425.254
488.484
373.041
269.663
393.905
197.819
254.576
295.862
220.985
221.233
232.951
142.524
5.94775
3.80128
13.0261
14.0574
18.4529
176.506
129.356
80.0989
230.255
232.631
223.373
186.192
145.584
171.35
246.762
166.692
192.592
147.129
6.81904
9.98499
12.3215
120.346
175.751
248.598
254.394
128.118
183.255
229.576
204.182
148.744
201.967
277.544
208.546
221.79
117.29
423.284
304.635
249.244
151.373
190.08
165.666
103.601
149.802
258.286
128.99
82.8287
252.553
148.27
380.486
251.187
264.046
163.638
205.64
282.767
86.5377
119.003
103.031
196.086
151.197
621.992
572.651
485.607
361.741
839.373
1462.74
914.4
1174.22
613.098
217.921
950.643
682.46
292.884
468.829
686.132
960.622
1112.84
647.324
790.864
578.257
643.929
844.936
549.546
680.062
736.038
472.664
334.103
379.834
143.376
177.692
107.967
5.41928
5.43327
7.26947
11.5397
10.2421
8.34396
17.5264
44.4881
223.202
151.721
105.688
149.625
125.334
184.071
312.969
239.574
273.4
75.4993
100.288
23.8842
9.24383
8.35257
8.37853
137.685
160.585
133.507
161.415
109.925
319.119
124.859
199.726
134.005
161.273
328.811
199.911
281.471
201.589
431.34
107.88
102.097
214.079
171.242
118.344
222.32
227.04
239.419
175.444
440.358
288.814
393.79
175.744
288.156
67.0093
179.985
193.288
150.374
103.457
114.187
201.761
386.246
503.068
258.48
849.25
435.665
788.702
415.368
447.74
260.811
241.542
345.644
589.527
232.546
377.073
864.038
1495.77
972.774
1082.26
553.902
450.741
578.849
338.059
730.511
801.455
769.215
241.447
690.163
344.393
154.197
161.068
208.708
97.3414
13.959
6.11047
21.3716
15.0787
4.91542
14.8648
8.42389
69.3801
17.2907
339.279
147.463
143.231
169.676
277.435
115.409
258.102
180.432
194.96
9.04353
7.13198
10.9277
6.72271
13.3239
61.4569
94.9276
140.757
122.028
239.598
325.371
195.324
271.912
224.282
273.064
399.383
228.575
191.497
300.846
205.842
104.494
260.414
185.417
287.722
239.27
229.652
294.538
252.167
144.791
259.907
258.865
335.691
201.554
194.476
191.29
215.109
229.358
233.486
184.143
415.87
394.18
192.524
254.041
468.42
228.779
417.024
571.009
424.812
471.874
391.598
311.322
457.523
212.965
378.663
510.319
450.003
1022.55
951.26
647.814
647.286
706.03
252.446
465.545
713.15
245.697
634.099
295.803
332.918
440.498
302.017
336.331
227.458
349.298
6.08946
24.2583
14.0016
10.3256
24.3479
22.2913
229.245
6.52749
11.2902
7.20037
156.042
16.4177
183.464
126.026
161.774
159.83
177.295
13.0959
11.6108
7.96378
4.0373
13.2131
6.59436
16.1492
90.5587
362.464
233.838
186.96
248.679
157.333
236.536
241.299
485.231
13.2506
354.156
197.902
165.604
97.5149
163.471
146.347
284.558
631.472
524.171
253.876
343.003
198.922
174.347
196.836
159.441
274.592
148.774
244.439
131.452
258.471
214.1
246.723
336.925
373.703
359.15
252.816
431.107
344.321
484.263
374.393
435.034
322.549
295.601
134.227
192.839
151.313
112.314
221.9
470.212
411.673
602.605
1043.98
327.19
638.068
547.438
668.795
823.333
525.91
458.323
749.504
335.102
190.985
167.356
371.27
382.542
242.773
28.2509
23.4023
17.731
33.8282
43.5191
9.20285
7.13358
6.59853
9.7459
11.2139
14.6098
14.7833
15.0622
108.183
106.526
5.02868
10.6216
11.6939
5.939
6.36351
3.53665
12.4546
6.09158
7.4699
5.90264
17.017
9.45706
23.3811
9.44291
38.1491
51.9414
43.2865
36.7545
25.1589
18.0028
8.14247
232.706
112.32
293.948
402.033
586.528
633.666
197.8
365.179
329.21
375.663
308.247
113.571
149.79
127.27
99.0637
104.849
167.563
173.049
148.738
296.688
252.085
268.102
374.646
266.55
299.398
342.208
601.603
222.694
305.218
362.097
7.67854
18.8455
9.34467
7.24514
8.41941
12.0241
235.133
311.848
785.578
587.872
389.379
219.307
514.043
277.507
512.566
624.71
318.991
519.517
307.768
416.913
485.045
700.675
790.489
398.838
36.9431
23.9395
15.0897
7.20702
8.41332
5.97349
21.0137
7.10249
10.3079
12.3034
20.4982
17.4591
9.37621
9.07413
5.53732
3.00239
14.0858
6.75889
6.85055
2.61095
17.8009
4.53967
10.387
8.62624
5.25718
21.4307
25.3414
10.5017
12.9651
25.8469
33.6231
31.5683
11.4358
16.3449
22.3598
8.30061
10.5447
94.0706
99.147
594.715
348.132
272.018
313.477
195.6
303.203
161.595
99.6987
135.791
162.96
154.031
139.581
81.5561
214.236
201.088
154.95
120.358
168.813
126.838
117.369
316.567
63.4949
44.4001
49.3899
16.7882
11.2252
21.0067
7.03339
8.94372
10.5161
4.89636
4.0576
16.3421
6.18885
246.506
473.908
587.476
360.731
395.711
649.071
829.452
539.996
1013.3
947.887
741.614
307.057
469.411
561.666
1065.24
683.448
642.062
253.465
8.94282
14.4413
19.4012
8.85811
14.9992
8.73305
12.0987
8.06419
12.6867
5.51635
7.54925
6.33867
4.58988
4.1017
3.62628
2.55648
5.66114
3.85623
3.49444
2.65587
2.39499
5.00226
2.73967
25.1677
10.7202
7.74333
12.0018
13.5326
27.3057
12.1804
17.997
18.2692
12.889
27.6086
28.9731
19.9469
21.324
16.184
222.041
232.418
343.531
366.931
166.823
281.626
146.28
200.505
139.515
114.71
156.38
19.9685
16.3997
11.1139
14.0519
6.44857
10.7895
9.82446
10.1437
14.7323
21.9618
25.4613
16.8941
14.2227
15.398
25.7529
16.3666
7.46673
4.1006
5.28388
4.04843
5.49487
8.44207
6.13839
7.55993
209.362
601.217
464.187
299.849
619.338
482.309
201.472
773.103
620.715
750.103
777.107
662.917
269.881
813.9
1243.36
730.663
490.614
377.704
18.798
13.7611
14.1361
9.54472
9.7425
9.5638
7.49898
8.80388
12.1223
4.29125
2.61759
5.30984
2.60094
2.49687
3.88247
2.55151
2.79921
1.29361
2.48746
1.79569
5.47949
3.54496
13.1798
7.91391
16.2237
13.8921
16.4509
16.8737
11.4548
26.7817
21.6033
18.0456
37.4553
32.2571
19.6907
6.49504
11.4835
45.9798
204.41
275.29
361.844
142.663
254.833
97.2459
123.655
106.116
137.445
186.559
22.132
12.0632
13.843
12.5002
11.6761
9.13861
5.51223
6.24762
16.4043
18.5773
22.5472
34.2359
34.7979
17.4033
29.968
11.7659
7.41732
5.27936
5.4411
4.87449
2.71532
14.8096
3.40671
12.8766
28.5491
599.649
267.207
453.249
749.18
631.183
478.062
623.069
847.309
815.914
366.223
543.313
708.042
781.399
682.761
477.72
352.117
278.782
19.7652
33.551
7.22341
14.0675
7.06883
14.8156
8.38355
7.77697
7.20061
3.90772
3.31081
4.45411
2.315
1.80363
0.752999
0.926717
0.905837
1.42655
1.84131
5.52729
1.48666
4.23873
10.5848
11.9414
21.7776
38.7831
32.836
12.863
20.2359
12.6262
17.099
17.3946
10.8054
36.1068
9.66974
13.6732
88.7943
46.6185
253.868
233.546
131.585
107.231
122.288
256.067
157.961
99.7369
103.364
194.261
12.4381
28.6564
24.6664
46.999
20.5809
7.83008
6.2769
11.8665
5.88489
6.18
34.9209
29.204
30.1641
59.1415
52.6006
17.0016
15.3956
3.9951
4.96226
5.54904
4.89302
7.74108
3.43535
5.20036
14.3815
257.409
229.637
305.976
398.324
384.214
560.145
464.798
617.424
411.656
325.022
526.685
712.242
754.792
996.572
560.56
496.994
972.111
17.6044
25.5646
9.92535
27.2984
5.36446
11.3488
8.22328
7.74462
9.36935
4.58568
5.65291
3.66105
2.24415
2.00092
1.20165
1.37513
1.4524
1.57809
1.30028
3.91771
5.43024
5.70146
5.17942
9.01829
13.1122
14.7712
19.1721
23.567
6.71651
23.8892
13.2048
14.1374
18.2397
21.93
5.67779
31.8308
42.0613
36.6181
114.083
208.084
73.3801
93.589
114.253
130.353
182.793
72.4175
113.04
140.203
305.945
131.356
208.224
404.863
343.66
445.125
166.416
9.82381
8.34264
14.8209
16.173
21.7215
34.6927
47.901
15.9812
39.1087
34.1972
7.61295
6.65515
4.28034
4.79138
4.90231
2.05284
5.53051
7.63458
21.8475
21.1611
430.054
392.583
489.831
551.919
529.691
386.188
706.682
450.599
1239.66
1044.66
1244.29
723.507
697.082
883.028
645.694
380.745
40.5713
10.7541
12.5178
7.83947
12.868
11.4164
6.22578
5.21809
4.33665
4.73424
7.2105
6.10737
1.94782
1.50993
0.995728
0.646953
1.51015
2.81523
4.55261
4.0178
4.566
5.24783
10.0401
21.5185
10.3393
13.6918
29.6547
14.7011
10.4127
11.7383
14.1772
6.68863
11.8102
9.78506
9.85853
7.20564
26.3402
176.916
177.006
166.804
141.1
169.374
155.71
130.972
150.441
286.009
229.146
244.272
271.833
190.697
335.124
313.25
274.031
117.672
157.08
131.716
218.74
191.564
29.1765
23.3788
34.5725
27.8824
20.9524
18.3406
10.8219
19.7547
4.58633
3.84042
6.19911
5.5255
10.7262
11.5296
11.4539
11.3626
419.278
196.519
421.555
563.951
915.686
506.512
538.363
345.443
906.333
1013.55
683.318
467.684
659.336
401.335
298.2
413.132
131.41
37.1551
28.0103
8.8629
18.7862
9.1722
4.69478
2.94982
3.01656
3.03249
3.99663
1.30748
1.8858
1.23922
0.67755
1.18028
1.68774
6.22738
15.8074
2.81493
4.66034
4.3451
5.7637
10.3759
10.5975
14.6516
10.076
9.70463
11.5176
15.9278
12.5253
7.60979
6.37103
14.9343
14.76
20.2791
23.6033
57.4866
78.9621
125.563
164.398
67.3413
244.177
138.877
173.018
598.946
207.166
252.652
193.683
134.637
333.55
184.019
215.648
323.923
358.699
113.51
261.041
102.31
281.865
323.826
453.834
249.18
332.279
271.392
286.14
164.174
205.772
77.916
283.106
15.3375
13.433
10.405
5.84989
16.2868
16.6543
247.099
300.314
398.311
675.629
517.024
1135.29
1036.25
1015.29
1735.93
1982.33
880.212
679.344
539.637
574.015
359.198
492.93
289.23
26.2671
21.1575
14.3964
8.03372
4.92025
2.71151
3.25006
1.39025
2.08063
1.171
0.706924
1.26004
1.50531
2.02445
1.62226
4.10829
12.2323
3.19816
3.308
8.52975
4.90398
6.22837
9.61502
11.7426
6.35605
7.33582
7.15296
9.78441
6.56846
4.32088
17.308
25.2438
22.4478
15.7045
7.06477
12.5865
211.785
117.999
199.167
173.97
95.7032
209.524
322.235
298.043
419.264
228.471
212.411
170.055
334.386
166.923
301.869
371.876
141.143
128.214
239.441
201.905
223.284
452.522
538.135
656.539
170.755
189.073
281.406
542.256
246.707
232.859
443.521
256.667
284.308
274.19
22.7806
18.4517
9.38464
173.983
240.137
520.014
509.36
675.084
464.226
1296.15
881.369
1084.37
948.905
908.22
2033.16
1092.63
681.302
375.795
662.399
499.215
56.4473
40.2275
10.203
5.50292
6.36997
3.96364
1.79221
2.81388
1.81517
4.17534
2.11554
2.79393
1.37151
1.84642
4.66744
4.79154
5.85569
3.98126
7.16117
9.11552
5.45778
6.52668
12.0275
7.95213
4.20561
17.8995
9.33884
10.3283
6.44675
10.4939
17.7859
16.553
27.0416
14.5951
16.0178
34.5248
228.621
197.359
209.615
159.824
126.111
116.581
231.929
206.488
101.38
203.394
212.524
222.444
183.43
610.462
322.203
354.894
135.532
100.598
339.432
409.606
856.138
784.122
287.912
307.463
407.299
266.049
234.381
554.931
558.14
369.452
521.01
325.677
530.652
523.543
458.064
349.985
211.864
42.5325
190.073
380.91
382.53
268.929
910.202
1509.92
3809.26
2108.25
1866.62
3060.78
1355.93
639.428
308.594
891.636
771.766
907.767
688.316
261.43
14.3851
15.2021
16.2924
18.1935
5.45669
18.683
3.2794
3.90502
2.29629
8.68038
3.3833
11.9954
4.20606
3.75414
2.56859
7.75939
3.84115
7.31029
6.46867
7.19001
8.44122
5.52766
22.5408
10.6193
13.0772
10.0659
16.7942
9.67754
16.0
15.0763
13.8508
27.2873
20.5015
8.4519
250.569
298.642
117.502
222.091
77.6674
240.059
117.697
128.178
221.718
141.202
182.825
119.663
340.764
298.319
300.611
544.639
290.194
212.915
161.452
174.169
469.958
484.735
471.422
322.721
196.336
202.236
439.666
450.363
677.566
404.082
335.853
151.593
428.129
433.477
477.983
414.678
456.432
362.718
481.123
300.424
471.462
390.102
909.483
1126.86
3152.74
3409.46
2810.17
1553.91
800.303
2007.76
866.162
408.919
1156.26
819.636
443.82
511.922
148.507
74.7182
7.07671
10.3037
18.1923
14.2984
173.927
53.309
40.7201
82.4293
126.219
3.6839
18.4844
6.08227
7.83849
3.80353
3.91165
6.12548
7.36407
21.0613
13.6688
5.49076
5.6899
11.3177
33.8651
15.7028
32.4936
6.25975
13.9682
11.6196
12.0226
4.50243
18.8428
48.6234
57.2713
174.225
352.36
397.563
157.037
127.895
189.125
178.553
195.587
131.422
6.55885
17.7345
11.2484
14.4277
25.7341
180.619
165.403
207.201
278.24
297.632
174.742
378.897
262.62
216.166
190.885
343.263
225.646
346.831
710.585
384.006
213.871
283.568
484.448
308.022
457.302
447.792
303.413
470.267
341.929
1160.53
597.517
596.633
896.464
1340.42
2059.87
4393.96
2145.98
1738.17
1668.05
951.878
1164.29
1290.32
697.941
740.147
470.192
435.172
294.141
214.594
241.142
156.749
231.118
115.98
153.823
212.397
333.347
208.482
457.691
390.527
414.319
184.057
200.998
3.98477
12.4991
11.5655
13.4324
6.68968
7.57044
3.59157
4.96792
6.5678
11.0032
13.9224
14.5863
13.4663
22.2892
25.5066
7.77121
9.12266
19.4283
21.4327
34.2744
310.973
379.995
134.041
153.897
140.148
93.7713
176.609
186.323
170.629
93.1384
7.9201
11.5168
6.78362
9.55044
14.8778
4.09938
7.56824
9.21519
184.187
210.602
12.4218
136.554
6.35927
144.821
98.3386
182.845
179.895
219.473
246.313
239.918
274.451
384.089
199.474
244.972
317.855
475.061
182.682
526.781
965.405
1427.65
775.273
862.394
875.705
1931.63
6552.35
1818.07
1581.12
1541.63
2711.75
3068.65
1850.21
434.9
679.259
594.586
1022.3
499.939
442.293
249.976
295.397
230.142
236.259
247.091
187.896
290.414
331.762
667.244
444.085
534.08
426.398
230.823
207.391
274.003
145.916
40.6693
4.1775
6.30554
6.15051
3.91107
13.856
11.6794
10.9139
6.84399
10.6209
7.91905
13.7026
10.1453
11.9185
8.48114
44.2452
32.6896
105.85
357.142
368.148
140.914
245.906
123.409
160.418
91.0089
99.7941
79.6901
7.20013
10.3446
6.54244
2.67975
3.11177
3.1989
4.28597
5.9174
7.79336
3.08325
2.77805
2.00164
2.03553
3.2803
2.15633
3.28726
5.89523
4.45503
8.19848
166.254
243.224
190.352
222.54
240.86
98.6697
148.471
150.642
307.84
664.69
1103.95
939.166
753.807
763.896
1579.54
2883.5
2495.62
1777.24
1437.76
3491.15
2161.51
2067.14
500.946
378.733
278.972
634.278
316.514
194.039
282.61
304.685
130.257
170.364
179.095
125.31
122.974
337.085
320.409
419.086
381.376
371.075
494.75
604.84
204.383
292.816
206.942
85.569
61.8915
69.5888
7.64348
4.67051
12.9087
5.15251
7.93765
8.64269
4.32775
13.5608
19.7294
5.97926
12.572
21.0525
28.6392
117.794
224.133
255.695
324.781
532.461
287.497
95.7932
221.519
176.563
120.333
7.53958
6.96654
10.3113
4.64582
3.36522
2.83906
2.99837
4.40663
4.76292
5.23483
4.03136
2.51221
2.24034
2.35202
2.46037
1.85191
2.06729
1.63776
4.0376
14.9413
8.0832
111.457
143.908
151.806
150.532
325.972
382.667
245.746
842.367
667.894
1159.05
1176.75
981.302
918.089
897.852
4926.92
1069.57
1537.78
2287.14
1329.24
929.132
1483.77
549.811
752.328
272.444
245.938
328.269
217.255
321.095
139.268
120.87
133.669
223.726
205.209
358.088
284.078
229.788
265.582
251.676
360.114
341.403
386.693
176.813
169.632
137.011
150.094
152.698
7.73007
6.34353
7.14974
6.12727
6.63956
10.8572
7.15087
8.33542
10.3405
13.3161
20.2423
17.4327
35.2557
182.441
157.173
247.599
292.845
340.787
207.866
265.401
169.991
129.536
104.225
4.52707
6.06039
5.25993
3.79736
2.69153
3.38744
1.00569
3.95393
3.47349
2.19047
2.17688
2.64128
1.05008
1.57875
1.23148
0.717465
1.6951
1.32576
4.47119
5.09306
6.69965
28.6435
7.21806
77.4771
18.835
437.288
691.755
401.455
740.405
474.523
1490.15
438.559
669.775
588.332
1193.3
2207.18
1610.71
1556.4
1841.73
3218.44
2725.57
1340.12
666.429
429.853
516.93
535.963
417.909
226.868
282.72
102.487
171.748
121.679
179.482
101.67
201.37
188.015
281.591
185.589
396.875
672.623
594.492
286.066
329.909
202.118
123.372
209.686
157.751
13.6376
13.7155
5.22395
8.52947
9.46037
14.048
7.50691
27.4296
8.63342
26.2142
23.0301
26.1291
16.9953
9.08501
122.221
243.534
397.957
127.427
263.728
207.313
104.662
118.532
280.128
27.4371
4.60943
3.94407
5.86022
2.12272
4.92057
1.55193
4.3412
2.74574
3.27555
1.83295
1.92507
2.94563
1.6462
1.7421
1.84794
1.52301
1.2684
4.05318
4.4623
3.94148
8.33431
7.18935
7.63407
9.42846
11.8791
391.21
554.714
618.107
498.012
521.847
1101.55
1684.44
995.056
710.396
903.39
625.021
1711.94
2170.34
2194.0
2236.58
2192.14
754.629
916.975
312.948
627.027
390.203
170.591
241.377
439.096
172.49
116.393
206.161
220.715
247.888
125.081
258.497
383.122
317.052
706.588
493.87
554.252
321.127
273.266
279.1
280.256
239.457
182.486
9.52204
11.7421
33.7323
3.55597
6.31535
11.793
15.4096
8.34097
9.16907
8.38878
8.19555
17.5921
20.8656
76.4449
201.658
490.043
172.953
238.288
225.185
203.636
89.2141
104.973
14.5153
7.52191
4.6178
4.67906
2.93904
2.01067
1.88282
1.28151
2.07006
0.889178
0.57926
2.55617
1.46655
2.3262
1.61691
0.931928
0.391295
3.24976
6.18098
6.82813
2.92169
3.99922
12.1769
15.1862
17.4613
244.549
299.565
413.224
893.181
815.778
1572.22
1583.78
2730.25
1512.17
2055.56
1624.51
1815.41
1978.62
1558.41
1758.08
1493.17
1084.52
929.611
549.628
438.319
229.56
277.11
378.191
334.943
323.565
495.331
321.849
337.691
205.424
178.947
202.256
219.387
285.702
1018.4
758.443
733.056
566.962
448.975
770.021
510.935
238.272
207.103
181.008
171.787
16.7652
19.3741
4.81616
5.45011
4.04874
29.8443
7.80147
16.984
5.82905
36.5888
17.7929
23.1507
9.80805
124.997
190.36
238.685
175.246
168.668
170.395
183.008
201.39
196.154
5.23017
3.52622
1.10436
2.45816
2.71745
1.92232
2.05006
1.44684
1.17965
0.771209
1.84585
1.53324
2.48084
1.16062
1.02231
1.47511
1.93073
2.71243
5.09938
2.58362
2.78046
5.73314
15.1433
18.0538
143.419
169.387
370.443
347.131
748.37
1222.53
1017.77
1043.17
982.993
1216.41
989.945
1452.8
1708.41
1912.93
1867.6
1786.3
912.659
489.684
385.799
179.127
419.613
628.264
288.202
338.797
164.735
279.262
278.564
208.342
254.824
209.327
160.566
288.681
368.044
636.678
573.929
393.302
639.95
519.992
1112.02
781.523
379.288
331.941
292.078
192.377
13.8435
12.1744
3.94725
6.86555
4.55465
23.355
10.0692
7.55
11.11
11.4448
25.923
25.3473
10.4683
227.212
230.769
149.716
114.466
321.988
136.681
279.627
253.241
187.949
8.73363
1.64325
2.11605
0.537178
1.62525
0.609032
1.52961
1.04509
1.84718
1.04739
1.56418
1.69142
1.63269
1.49485
0.824644
1.23328
0.947691
3.97517
1.22999
2.8669
1.58423
4.03958
9.99397
6.33388
105.856
59.5611
134.234
64.2773
508.002
718.791
1030.89
890.272
1073.5
1373.68
1003.58
1751.09
994.237
2267.62
1011.83
1565.0
468.981
458.083
126.604
108.941
260.947
270.241
415.524
356.311
360.239
260.904
223.831
164.841
330.858
226.674
195.249
297.741
399.443
278.149
623.209
324.968
285.545
558.441
869.1
824.711
449.913
229.328
245.37
210.744
15.7743
3.91954
5.0078
3.71323
2.91404
3.89185
9.29852
20.6746
6.24206
9.18197
8.93799
3.27495
7.21854
180.043
120.72
118.411
152.735
211.963
192.472
166.297
113.309
250.438
68.0407
2.85548
2.07249
1.48572
0.855057
1.39735
0.954496
1.54161
3.82142
1.57347
2.29303
1.33813
3.00777
1.85303
0.998233
1.09834
1.87835
1.61091
3.21804
3.23433
4.76145
5.49949
6.24664
5.23052
7.80653
54.478
129.548
107.51
430.14
548.121
707.947
672.17
832.28
2555.86
855.369
1443.09
789.378
894.899
1022.43
382.39
1228.31
403.243
273.284
204.065
139.551
195.054
543.001
313.727
141.981
173.901
330.533
123.342
298.759
446.616
134.444
265.832
247.76
354.389
617.357
477.903
600.512
771.124
512.749
741.46
263.224
191.516
81.747
133.32
99.3245
2.74892
4.5328
5.29938
5.66755
9.69947
10.6968
14.7294
11.2134
5.2662
9.68818
7.77801
12.6692
277.535
136.403
152.496
139.57
131.506
84.5168
302.327
101.367
165.141
135.976
70.0052
0.943105
1.7413
1.36059
3.01759
1.25189
2.30265
6.36896
4.23796
1.59448
1.44319
1.12862
2.1455
1.02551
1.74488
1.89674
2.70297
1.8804
2.3451
6.80737
2.93096
10.9754
6.94437
6.80391
53.5455
79.4385
149.777
295.173
256.707
532.882
718.498
668.628
922.009
500.992
810.906
1201.75
1010.84
436.397
478.106
421.878
254.801
549.258
131.89
152.545
334.692
231.823
644.529
224.614
230.362
214.48
113.273
121.118
101.94
233.195
257.426
334.364
320.1
412.246
351.666
526.492
404.984
494.404
397.374
412.431
176.659
195.135
147.008
89.7479
3.70813
7.50959
7.00857
7.02667
7.22593
7.9147
13.8894
13.1716
2.88087
7.11018
4.99889
7.26016
7.57725
216.468
137.192
127.283
103.757
82.4924
119.451
162.874
163.856
122.957
107.973
41.606
2.1624
1.90763
2.78365
2.20216
3.29139
3.14684
5.53788
2.98255
3.27762
2.84509
1.94583
27.9877
2.76167
2.97553
5.26304
2.78395
2.56021
4.45125
5.99515
12.6567
4.53631
2.83408
19.0799
98.6951
104.35
388.095
302.226
340.113
420.431
256.592
411.331
988.916
584.108
916.052
334.228
494.663
426.498
656.184
455.749
344.863
199.235
142.47
222.429
365.708
498.211
432.602
222.335
248.84
162.06
357.302
162.01
85.9793
107.621
156.245
300.541
501.146
587.046
416.881
746.921
395.175
262.944
309.115
77.0284
105.962
80.947
51.8049
6.80538
103.62
52.9083
7.70189
51.162
48.8724
8.0039
14.7212
11.5959
10.0677
6.89314
4.08943
9.91537
173.462
115.075
250.715
306.934
167.669
301.899
163.963
177.654
260.921
143.751
72.3013
93.7386
4.11551
4.26558
0.811947
2.23539
3.26991
2.85232
3.87102
2.36779
87.5887
2.33477
67.8683
10.0213
7.74733
8.0227
3.72251
11.6485
5.25403
11.2779
6.4202
10.4292
13.7547
16.6976
356.595
281.755
273.623
677.397
326.124
463.504
431.491
370.156
1104.26
511.692
469.684
696.357
191.69
235.464
264.088
150.192
22.8577
15.6456
19.7397
308.083
247.245
651.836
208.756
180.483
172.687
82.7516
76.2226
175.195
92.1955
94.4738
115.603
161.62
270.295
276.042
240.403
198.745
209.08
165.76
263.524
285.842
147.609
133.609
123.318
7.59214
118.652
79.2003
45.4356
80.2777
48.4823
50.8306
96.083
93.3929
3.56267
4.47893
3.38952
2.81884
182.435
445.036
627.486
151.202
270.277
357.044
328.956
292.261
154.833
146.589
88.88
90.1738
4.66984
3.89593
4.45329
2.59227
44.3063
3.85909
4.04981
13.3445
92.7333
165.459
118.163
9.6547
112.143
7.31187
6.55159
14.4399
11.0312
18.9955
10.347
17.5608
47.1694
26.1815
154.288
115.245
150.685
357.677
310.058
228.651
353.238
465.777
533.108
412.091
303.943
201.047
134.354
327.045
268.73
181.312
140.57
12.4933
10.2936
17.2501
50.2374
10.7044
18.3234
8.31374
242.283
165.253
123.197
116.259
70.1165
160.455
252.412
183.542
253.621
283.91
197.453
220.97
97.2839
260.061
184.397
275.423
198.581
136.199
123.396
16.2748
99.2163
67.7701
73.4644
77.1464
42.746
75.6861
139.636
138.167
73.6633
8.62682
11.2476
3.32401
115.932
241.024
454.31
244.382
333.572
190.764
326.301
205.611
245.45
380.188
456.098
168.091
142.241
72.1307
5.48469
101.015
69.2919
97.3098
154.417
6.29233
197.522
133.35
187.31
149.978
88.8733
91.728
82.9473
9.28345
7.70343
17.2288
12.8478
21.1556
20.722
12.6375
51.5547
190.579
247.011
232.333
504.229
347.776
553.474
252.618
798.773
220.406
360.341
98.3959
325.195
68.831
185.268
127.018
336.855
15.8739
28.2095
9.58802
14.0311
6.63889
13.0888
11.0848
11.0882
19.1416
7.86907
63.8599
4.99137
128.605
248.129
176.845
138.449
237.264
274.986
101.109
105.514
552.935
376.856
279.418
222.07
90.9627
129.512
84.2746
106.638
61.1194
129.007
157.782
124.149
126.356
226.696
147.36
160.771
105.017
6.07337
8.49236
228.387
308.032
321.956
481.471
331.908
314.53
363.558
362.109
447.58
281.802
416.06
378.868
175.547
166.498
113.364
173.061
119.433
71.6868
308.186
359.826
136.639
143.061
141.16
181.591
188.729
162.718
254.073
94.5705
12.4345
19.554
29.4502
17.9568
22.0474
80.2343
169.487
33.0663
401.408
353.397
426.842
678.068
354.882
867.034
991.56
747.673
227.098
335.294
235.68
273.782
318.588
262.321
183.177
132.431
24.214
10.0852
24.1828
19.6507
30.59
34.06
15.5241
23.3599
11.3229
3.59246
3.86256
100.205
100.452
156.448
276.41
479.317
279.072
137.373
166.836
113.156
240.185
478.528
142.053
151.08
83.5193
146.632
165.753
114.637
179.85
161.824
167.576
317.179
384.617
194.51
318.875
135.472
114.357
5.14142
332.503
305.561
438.06
359.237
539.79
362.045
439.06
281.069
474.662
380.283
303.014
294.864
351.859
8.12352
250.861
191.397
210.229
179.185
360.707
152.405
114.26
193.825
180.49
305.409
106.792
196.309
156.81
22.0513
11.1734
19.1679
136.301
268.712
159.379
263.106
366.815
142.857
460.74
331.864
498.232
901.798
803.779
906.152
1324.05
588.88
564.792
370.97
227.473
138.564
385.479
292.643
455.249
306.794
118.054
9.95347
11.2572
23.16
324.892
288.362
34.5406
217.081
4.102
4.64095
135.273
182.578
276.185
369.673
455.802
200.739
235.202
179.444
121.461
279.546
343.932
320.903
177.186
167.702
181.389
282.701
206.705
190.705
127.637
108.762
292.682
185.189
240.145
203.194
162.792
118.665
88.5847
9.96275
372.272
214.107
211.559
243.272
269.079
240.599
328.458
368.215
583.355
491.055
438.749
553.041
308.104
511.301
729.151
818.069
431.742
761.858
423.334
273.951
330.121
213.828
311.107
580.064
242.971
474.681
375.635
266.419
231.201
458.342
330.099
305.782
764.576
576.116
289.673
155.189
103.551
287.187
868.463
644.342
944.353
1709.81
723.061
672.875
1148.06
422.992
297.135
964.45
473.273
599.459
366.467
225.631
133.171
170.983
143.207
180.898
258.605
317.717
555.337
217.291
187.871
190.937
382.323
214.887
243.446
471.364
312.667
297.595
198.452
194.139
160.678
115.78
250.934
265.713
172.693
153.162
195.351
414.833
141.119
161.006
87.8719
118.368
108.356
159.287
280.894
179.036
152.008
101.052
71.3892
96.2894
438.68
510.591
85.1776
341.565
418.021
429.421
631.719
305.915
277.039
493.956
447.632
563.337
463.273
757.61
1120.62
835.054
810.508
553.768
639.024
561.918
378.15
380.609
373.715
311.745
446.917
463.979
316.609
341.392
653.808
321.365
222.474
241.709
575.119
604.126
185.437
152.876
183.893
392.828
470.462
2139.22
1520.85
1465.56
1052.58
1300.98
2271.89
829.522
387.491
193.435
542.721
382.832
495.673
295.377
305.935
301.709
225.446
418.926
302.216
322.874
231.482
212.31
312.864
332.638
254.18
303.024
415.998
483.888
534.356
118.029
99.6548
161.384
157.449
240.419
241.456
202.312
292.893
175.924
106.694
309.975
152.459
140.16
93.3603
96.7906
115.943
64.563
104.824
244.12
87.6696
165.629
56.3548
82.219
546.123
313.352
229.78
350.938
244.295
261.872
337.211
437.597
301.661
514.878
189.775
434.73
468.303
588.915
550.983
686.218
578.142
505.611
1004.9
428.112
242.142
621.195
193.369
196.383
496.56
258.127
426.629
255.635
356.474
116.684
103.895
283.873
199.713
542.098
196.924
128.502
165.117
341.426
609.995
665.055
955.703
695.547
1393.61
841.632
751.784
565.299
664.812
780.802
560.504
650.179
369.267
277.218
309.687
340.24
324.39
339.327
478.95
577.344
139.046
126.735
354.424
411.81
262.603
206.579
391.611
586.865
304.153
227.025
184.514
302.964
232.302
169.015
132.461
101.431
177.859
107.676
315.725
375.917
183.594
155.3
80.263
59.0028
57.819
91.2864
155.692
86.8709
146.074
53.0498
133.062
98.8093
332.682
289.967
330.88
224.917
177.088
129.464
419.47
426.104
498.099
545.655
443.591
299.328
877.659
507.166
726.438
738.474
342.686
379.818
728.896
738.007
166.629
495.285
154.08
195.714
338.383
372.669
338.174
248.874
260.77
218.835
60.6326
96.6104
139.491
359.013
132.81
188.444
141.855
213.778
731.326
703.567
771.066
867.272
977.285
926.453
679.09
417.339
624.813
335.465
431.559
290.699
250.471
165.928
500.73
334.659
163.191
274.565
586.714
465.622
519.236
180.049
254.362
404.88
614.61
313.915
1010.73
483.538
247.342
247.605
295.572
220.377
203.179
182.421
241.739
88.3227
229.509
335.066
304.275
258.596
143.026
184.632
69.4766
51.3321
74.0744
54.014
109.887
80.0702
53.599
41.372
58.3419
110.029
237.659
309.749
250.657
158.614
112.112
357.228
208.835
230.429
230.619
491.693
455.692
809.585
857.749
768.006
1507.24
931.345
427.041
572.103
610.66
573.347
347.452
249.228
196.782
254.238
276.231
503.114
282.259
341.554
104.462
213.643
205.479
128.875
292.855
156.65
110.698
263.634
384.892
406.344
589.312
937.191
984.237
321.461
584.526
1099.03
776.694
323.067
512.886
378.125
154.233
249.674
207.893
263.583
626.391
793.348
400.224
280.793
261.202
458.472
518.834
520.49
669.123
651.717
565.718
439.945
630.002
616.336
521.609
397.255
210.497
371.128
217.812
160.146
230.059
101.984
153.449
108.393
110.348
126.633
153.114
138.618
210.413
82.8708
85.4317
73.9224
67.2998
148.878
87.9999
31.5649
6.00703
5.15989
7.06413
255.852
350.515
430.022
179.056
322.949
483.848
240.051
238.094
363.098
532.957
515.783
598.662
1186.43
1564.49
1132.0
643.329
725.641
498.253
415.839
282.243
145.312
333.789
276.806
132.029
240.451
295.766
368.135
255.504
301.473
118.265
135.52
154.46
45.7847
130.262
290.08
279.746
630.432
401.943
630.076
639.913
518.454
377.974
466.219
412.836
333.381
265.436
433.207
321.643
483.168
338.231
231.733
307.494
218.246
733.672
439.476
216.31
416.438
343.169
381.732
454.091
357.516
762.765
767.316
814.164
694.113
558.33
376.28
364.49
496.519
556.313
201.843
212.076
249.066
201.974
132.876
132.822
320.26
173.195
329.753
105.266
53.147
79.6974
144.071
124.624
72.5104
70.8224
56.2943
76.8223
3.19255
23.1968
359.7
128.695
234.565
235.496
251.693
298.691
163.179
284.902
214.243
453.216
501.367
707.147
985.261
692.112
894.817
988.57
838.87
468.693
349.924
239.66
172.611
316.746
238.661
308.35
295.368
252.2
448.131
349.816
222.105
110.244
57.2603
88.0871
125.93
182.312
319.972
193.054
390.186
367.955
476.577
607.063
576.288
210.046
353.029
587.354
324.106
387.224
254.767
352.809
636.276
541.431
335.077
338.082
301.064
530.136
630.752
340.798
352.604
431.157
210.539
510.684
566.622
417.861
483.313
600.063
1034.41
695.327
305.068
398.911
697.035
353.226
334.67
288.804
394.423
477.843
462.422
350.069
418.212
330.489
472.841
252.601
440.34
200.91
237.24
166.348
92.3729
67.4405
100.913
118.604
8.69759
8.69643
23.7254
301.214
241.48
237.21
224.015
177.069
138.588
319.554
424.586
473.573
658.191
481.94
509.271
721.139
646.301
810.38
898.465
1234.85
449.154
364.181
252.398
253.99
295.252
202.243
386.593
292.577
244.073
209.756
81.5066
158.133
82.1766
85.1294
116.363
344.734
153.701
204.66
283.144
176.378
421.78
508.611
525.98
401.098
218.137
331.136
196.89
291.079
374.873
293.506
603.573
561.278
257.518
168.739
335.373
221.804
275.182
316.735
421.089
335.59
751.727
613.231
579.62
997.634
587.931
315.683
592.621
946.973
1109.1
801.522
968.099
427.834
452.775
468.732
958.099
672.002
477.863
318.885
389.421
383.715
343.98
235.935
227.713
170.137
156.337
150.935
114.989
61.3292
58.4385
114.461
17.5497
15.9749
20.0815
22.6523
387.52
233.471
220.357
285.692
320.249
418.689
431.207
737.381
589.125
431.994
360.996
212.795
886.038
1079.71
866.637
500.884
454.772
341.903
207.411
160.95
230.596
147.778
336.502
124.288
94.2265
130.653
69.3559
109.31
147.226
118.726
268.502
193.153
137.463
186.685
419.487
320.143
476.117
326.926
281.645
442.47
518.903
364.924
504.628
366.004
404.217
316.388
178.148
522.708
438.629
309.625
330.245
257.692
179.644
206.169
185.32
273.471
664.447
522.49
482.124
1032.45
219.627
307.221
267.329
1153.88
577.786
1370.45
571.789
878.236
454.367
722.268
489.029
775.396
606.866
355.372
428.625
503.47
270.128
219.817
415.337
272.7
190.26
76.1554
96.1477
37.9136
85.2946
92.8375
168.8
12.0733
24.6088
8.68537
15.5307
441.716
550.424
433.73
363.379
280.721
216.634
570.065
497.491
514.947
311.229
316.693
572.77
347.094
327.685
266.326
194.597
408.888
160.505
140.112
178.129
349.272
113.211
148.234
68.2619
70.7594
86.3198
100.698
166.918
331.092
275.771
82.2888
182.15
221.629
210.186
372.247
204.369
272.966
768.236
198.228
346.191
262.262
249.108
271.48
322.613
211.857
382.571
313.623
546.464
233.172
271.471
257.893
210.992
274.049
166.16
144.295
235.78
492.311
371.916
245.595
214.844
260.23
303.703
555.984
625.479
563.895
802.102
803.645
740.566
493.549
635.583
363.76
593.242
412.325
329.043
556.614
772.171
279.455
281.563
108.43
176.479
76.8441
89.7285
44.3484
68.4006
132.053
211.297
14.8021
17.763
43.2336
44.9581
309.339
284.003
205.535
326.005
113.803
167.388
261.48
303.582
144.924
410.729
461.307
298.749
213.728
353.591
230.527
261.787
258.755
189.384
119.137
75.0646
108.867
52.449
103.201
97.4249
60.8535
110.109
144.93
121.42
224.882
135.856
146.214
176.237
175.808
434.51
167.594
147.687
213.899
386.133
474.046
295.793
474.784
285.823
342.347
432.955
617.902
138.095
317.992
201.164
501.543
191.091
105.023
144.918
197.08
268.066
245.266
353.42
302.236
439.25
735.677
250.202
393.23
189.675
312.336
646.414
650.222
637.373
698.214
327.432
1176.36
714.011
820.038
972.88
837.566
846.639
771.882
317.834
556.531
501.655
279.956
219.147
185.294
47.7378
41.3562
77.9452
136.012
449.371
9.71942
16.4855
12.1951
26.468
526.444
273.541
302.088
180.833
66.8762
104.476
95.5091
223.46
97.6107
227.878
169.115
477.017
237.542
209.58
217.067
209.122
177.077
196.43
115.646
79.6755
177.5
113.145
50.3684
49.723
48.347
64.0605
60.7619
104.575
109.304
168.198
110.428
37.877
85.0749
200.437
44.0238
99.6672
264.757
133.206
436.485
528.344
233.723
181.948
431.961
424.063
377.49
379.616
299.318
461.515
253.144
485.13
207.517
255.055
531.987
449.966
319.044
400.431
508.454
319.919
180.716
246.875
386.342
16.2617
36.0147
41.6698
476.216
447.133
354.094
432.634
438.976
476.478
547.119
928.745
623.728
697.848
284.81
491.014
773.399
458.102
344.817
353.714
370.104
228.906
156.392
140.817
112.912
431.642
16.6897
14.5943
27.9381
43.1283
33.6594
142.712
173.379
312.646
171.211
85.7329
84.5028
92.6153
76.5416
47.0917
244.366
322.592
143.273
282.739
212.908
264.372
272.548
105.303
65.0525
77.8505
94.9339
96.5654
42.6118
57.5646
121.154
49.4499
66.6845
47.6248
65.7168
137.071
71.9599
186.638
80.6486
121.052
81.9868
68.4575
232.41
342.057
242.339
264.071
168.643
200.225
272.646
423.996
421.973
385.504
224.844
337.806
666.956
213.187
217.602
297.029
333.605
536.896
300.561
481.327
526.807
340.532
400.134
15.6098
5.19764
14.1354
9.27735
25.0517
375.073
307.607
417.562
658.541
503.646
526.514
355.115
440.047
573.318
680.407
520.252
489.285
315.137
336.695
520.962
537.678
191.724
190.047
179.178
134.534
215.957
170.384
19.7606
25.8945
42.3514
14.2033
18.4417
181.83
212.12
161.316
77.499
54.2676
90.7911
55.8902
42.2356
60.9639
234.151
156.928
154.466
187.764
192.385
176.704
160.709
131.344
80.1989
47.4733
58.7452
63.9822
1.54274
63.6594
42.5519
1.22064
23.8759
0.988991
1.54499
2.91494
46.3797
72.8811
54.0248
73.4876
44.1088
144.616
75.1246
127.079
139.647
203.676
115.768
165.097
162.37
204.757
224.073
329.421
403.182
224.237
444.914
117.411
311.706
538.542
259.387
321.106
489.387
332.829
46.5251
26.8098
16.6652
25.6289
30.8486
11.558
18.4832
252.824
566.736
287.61
592.497
437.925
534.681
458.529
505.771
317.284
278.529
519.046
404.052
387.688
448.116
469.02
508.137
580.929
121.317
270.689
322.031
173.201
125.9
230.671
31.1423
35.2727
43.4471
17.7425
10.1493
6.92038
146.469
79.222
62.5016
71.897
30.5447
39.0336
54.8637
39.917
65.8777
133.152
234.787
169.362
201.445
222.9
190.306
75.5521
66.1727
6.83682
5.17787
5.97826
1.94492
2.28912
1.79125
0.922424
3.35423
2.19464
4.71686
2.69549
1.92305
2.21333
35.7201
48.7144
39.9004
53.0604
63.4489
78.5637
62.5282
33.4014
89.1473
89.5346
148.817
255.478
187.007
11.7968
226.785
152.789
19.8919
161.34
247.824
231.415
269.803
421.233
258.932
246.674
18.2999
18.4103
11.2161
10.2414
15.5157
15.9118
14.4864
4.29936
415.448
445.903
386.747
995.404
906.243
922.101
800.882
386.509
421.909
328.447
464.952
367.655
353.041
182.585
174.665
197.941
235.719
198.126
194.61
157.314
213.551
139.311
19.5235
46.8787
46.0916
16.1768
15.1148
3.47424
12.4827
85.2669
38.0046
26.2186
33.7907
5.94132
4.87583
5.94434
4.91378
119.343
185.667
108.478
37.3777
71.7805
8.32032
8.98122
4.57482
6.75911
4.01823
2.66138
2.31338
1.83086
1.55774
1.23536
1.49648
3.24636
2.53359
2.04271
1.75993
2.16629
33.1447
55.7991
35.0151
52.3056
26.7888
48.9937
42.6718
43.1007
29.051
61.7198
10.3215
6.02315
14.1717
15.2607
18.6209
11.0205
22.6761
46.7599
16.5172
223.587
572.308
304.045
93.4458
165.579
13.7071
32.7757
58.0905
18.9821
9.3869
6.81037
16.8768
266.922
282.297
313.592
510.841
1400.47
927.217
879.794
671.918
199.016
397.606
218.023
127.541
246.065
303.784
200.724
195.129
152.814
189.417
206.915
306.197
252.807
394.597
166.398
38.3524
13.9086
16.7502
14.7316
16.7204
4.00408
6.26595
8.53685
2.36972
2.5158
4.32055
8.15983
8.29295
4.67599
4.13132
7.08868
6.86253
3.20367
4.02402
5.39965
14.7115
15.0866
22.3807
14.1136
3.90547
2.15278
1.85228
1.10613
2.35186
3.47037
2.64819
2.23141
2.22594
2.97195
1.97665
1.91903
51.6032
65.8016
36.003
23.3754
37.6753
31.6941
35.9829
60.5867
50.6234
166.535
45.6106
4.79285
5.06934
48.7064
17.1043
8.89355
15.6754
13.6326
7.52961
326.553
134.101
595.72
310.983
799.537
196.965
10.5545
6.67589
8.89111
20.7764
19.3133
6.652
137.998
381.802
476.878
1232.13
869.179
466.239
875.137
830.862
473.396
413.193
257.943
334.873
474.602
84.6893
314.76
131.698
255.959
257.501
221.152
396.776
397.477
403.948
123.535