TRANX
27.875271
57.977606
55.091980
45.379603
24.977596
34.562293
46.233297
89.613039
52.688890
0.000000
1.304061
1.266149
10.531094
5.753138
40.140798
8.301312
6.414539
17.227599
106.877532
0.000000
45.661523
50.889842
123.854385
70.303010
46.746331
39.777823
15.464079
3.918576
12.552438
0.000000
123.557057
199.493141
119.430391
81.012551
24.150467
77.495450
66.322383
56.036542
77.547948
0.000000
59.130129
666.304121
150.162118
132.867074
6.246615
94.099085
28.415592
43.808653
77.619021
0.000000
31.940756
77.901562
6.388628
167.894737
367.078421
1.776383
0.930049
2.585431
5.080684
0.000000
12.415614
5.021275
240.623949
166.074805
380.731344
68.436630
60.158223
17.394091
3.671410
0.000000
28.662729
5.273650
3.966860
13.422122
33.066261
55.327507
54.476062
61.606685
14.714926
0.000000
144.631548
117.107246
69.015750
72.814021
156.306897
85.073601
110.780217
72.807081
58.419430
0.000000
49.276606
49.049156
14.511852
25.977857
80.599214
63.849324
36.672525
121.953062
159.649156
0.000000