TRANY
8.661683
1.659090
5.090681
12.319649
12.952411
12.536136
6.427192
10.861531
242.415845
418.846942
26.525062
1.592320
1.394821
1.645325
20.268567
15.673482
3.408750
3.625811
11.852900
176.762913
137.439299
129.677277
105.904816
86.805342
40.400225
35.931762
38.721315
12.738939
21.447911
69.575954
397.806105
169.424619
146.611987
86.300471
57.058998
97.881118
88.157479
50.825388
111.218963
67.835570
33.945171
38.196344
2.958405
137.420568
113.977112
5.146824
3.457041
1.943141
18.669640
11.402797
33.294536
8.269030
9.226957
33.858618
284.505690
63.987142
1.335564
0.987884
2.950936
17.705950
38.674814
0.676423
0.721825
12.110836
234.014076
170.827302
51.507797
102.857954
13.841948
4.877191
182.544835
4.476952
4.417673
16.406347
164.707901
62.909462
11.794975
64.196566
45.221617
15.702973
45.515327
95.730086
62.952815
11.058718
107.655447
84.442382
37.893389
142.807851
106.521737
60.807110
0.000000
0.000000
0.000000
0.000000
0.000000
0.000000
0.000000
0.000000
0.000000
0.000000