    TS       Day   Newton        INJ1:BHP        INJ1:WIR        INJ1:OIR        INJ2:BHP        INJ2:WIR        INJ2:OIR        PRD1:BHP        PRD1:WPR        PRD1:OPR        PRD2:BHP        PRD2:WPR        PRD2:OPR        PRD3:BHP        PRD3:WPR        PRD3:OPR        PRD4:BHP        PRD4:WPR        PRD4:OPR
    0    0.0000        0     2.50000e+02    -8.47490e+03    -1.11831e-06     2.50000e+02    -2.89670e+03    -3.82234e-07     1.50000e+02     5.38180e-08     7.10156e+02     1.50000e+02     3.85155e-07     5.08231e+03     1.50000e+02     1.21455e-07     1.60267e+03     1.50000e+02     1.47795e-07     1.95024e+03
    1    1.0000        4     2.50000e+02    -3.34581e+03    -4.41497e-07     2.50000e+02    -1.35993e+03    -1.79449e-07     1.50000e+02     1.29998e-02     4.58644e+02     1.50000e+02     9.60866e-02     2.67634e+03     1.50000e+02     2.86823e-02     1.04604e+03     1.50000e+02     3.62537e-02     1.20153e+03
    2    3.0000        3     2.50000e+02    -3.75550e+03    -4.95558e-07     2.50000e+02    -1.27718e+03    -1.68531e-07     1.50000e+02     1.34730e-02     4.09926e+02     1.50000e+02     8.96311e-02     2.29443e+03     1.50000e+02     2.93470e-02     9.43203e+02     1.50000e+02     3.63866e-02     1.06663e+03
    3    7.0000        3     2.50000e+02    -4.12216e+03    -5.43941e-07     2.50000e+02    -1.45312e+03    -1.91747e-07     1.50000e+02     1.30609e-02     3.94815e+02     1.50000e+02     8.14838e-02     2.01620e+03     1.50000e+02     2.84277e-02     8.74722e+02     1.50000e+02     3.46672e-02     9.96329e+02
    4   15.0000        4     2.50000e+02    -4.17343e+03    -5.50705e-07     2.50000e+02    -1.58753e+03    -2.09483e-07     1.50000e+02     1.21532e-02     3.89799e+02     1.50000e+02     7.32220e-02     1.72519e+03     1.50000e+02     2.68747e-02     8.06006e+02     1.50000e+02     3.21904e-02     9.37981e+02
    5   31.0000        5     2.50000e+02    -4.01260e+03    -5.29483e-07     2.50000e+02    -1.63496e+03    -2.15742e-07     1.50000e+02     1.05133e-02     3.95138e+02     1.50000e+02     6.50534e-02     1.41559e+03     1.50000e+02     2.51632e-02     7.31139e+02     1.50000e+02     2.94535e-02     8.87141e+02
    6   63.0000        6     2.50000e+02    -3.83050e+03    -5.05454e-07     2.50000e+02    -1.62447e+03    -2.14357e-07     1.50000e+02     7.80337e-03     4.11650e+02     1.50000e+02     5.70433e-02     1.13734e+03     1.50000e+02     2.37055e-02     6.53377e+02     1.50000e+02     2.69168e-02     8.50920e+02
    7  127.0000        8     2.50000e+02    -3.64411e+03    -4.80859e-07     2.50000e+02    -1.61159e+03    -2.12658e-07     1.50000e+02     4.08813e-03     4.36021e+02     1.50000e+02     5.07449e-02     9.51584e+02     1.50000e+02     2.26002e-02     5.85952e+02     1.50000e+02     2.46476e-02     8.32187e+02
    8  227.0000        8     2.50000e+02    -3.52638e+03    -4.65324e-07     2.50000e+02    -1.58925e+03    -2.09710e-07     1.50000e+02     1.26491e-03     4.58126e+02     1.50000e+02     4.77276e-02     8.77407e+02     1.50000e+02     2.18774e-02     5.48098e+02     1.50000e+02     2.27000e-02     8.27902e+02
    9  327.0000        5     2.50000e+02    -3.47214e+03    -4.58167e-07     2.50000e+02    -1.56797e+03    -2.06902e-07     1.50000e+02     2.76302e-04     4.71882e+02     1.50000e+02     4.66757e-02     8.59267e+02     1.50000e+02     2.14851e-02     5.34596e+02     1.50000e+02     2.13347e-02     8.29247e+02
   10  427.0000        5     2.50000e+02    -3.43885e+03    -4.53774e-07     2.50000e+02    -1.54166e+03    -2.03431e-07     1.50000e+02     3.64507e-08     4.80986e+02     1.50000e+02     4.59678e-02     8.50429e+02     1.50000e+02     2.12179e-02     5.30471e+02     1.50000e+02     2.02803e-02     8.31696e+02
   11  527.0000        5     2.50000e+02    -3.42482e+03    -4.51923e-07     2.50000e+02    -1.51982e+03    -2.00549e-07     1.50000e+02     3.69247e-08     4.87241e+02     1.50000e+02     4.54439e-02     8.45805e+02     1.50000e+02     2.10054e-02     5.30636e+02     1.50000e+02     1.94042e-02     8.35054e+02
   12  627.0000        5     2.50000e+02    -3.42420e+03    -4.51841e-07     2.50000e+02    -1.51062e+03    -1.99334e-07     1.50000e+02     3.72640e-08     4.91718e+02     1.50000e+02     4.52204e-02     8.48881e+02     1.50000e+02     2.08186e-02     5.32928e+02     1.50000e+02     1.86265e-02     8.39476e+02
   13  727.0000        5     2.50000e+02    -3.42873e+03    -4.52439e-07     2.50000e+02    -1.51120e+03    -1.99411e-07     1.50000e+02     3.75227e-08     4.95131e+02     1.50000e+02     4.52163e-02     8.56409e+02     1.50000e+02     2.06414e-02     5.35935e+02     1.50000e+02     1.79163e-02     8.44288e+02
   14  827.0000        5     2.50000e+02    -3.43447e+03    -4.53196e-07     2.50000e+02    -1.51656e+03    -2.00118e-07     1.50000e+02     3.77316e-08     4.97888e+02     1.50000e+02     5.06361e-02     8.64571e+02     1.50000e+02     2.04684e-02     5.38985e+02     1.50000e+02     1.72747e-02     8.48496e+02
   15  927.0000        5     2.50000e+02    -3.44131e+03    -4.54098e-07     2.50000e+02    -1.52236e+03    -2.00883e-07     1.50000e+02     3.79030e-08     5.00150e+02     1.50000e+02     4.74083e-01     8.68499e+02     1.50000e+02     2.02980e-02     5.41768e+02     1.50000e+02     1.66839e-02     8.52382e+02
   16 1027.0000        5     2.50000e+02    -3.44800e+03    -4.54981e-07     2.50000e+02    -1.51939e+03    -2.00491e-07     1.50000e+02     3.80459e-08     5.02036e+02     1.50000e+02     2.44083e+01     8.25082e+02     1.50000e+02     2.01298e-02     5.44010e+02     1.50000e+02     1.61257e-02     8.56265e+02
   17 1127.0000        4     2.50000e+02    -3.45351e+03    -4.55709e-07     2.50000e+02    -1.51207e+03    -1.99525e-07     1.50000e+02     2.15999e-02     5.03393e+02     1.50000e+02     1.47200e+02     7.39407e+02     1.50000e+02     1.99650e-02     5.45742e+02     1.50000e+02     1.56354e-02     8.59885e+02
   18 1227.0000        4     2.50000e+02    -3.45560e+03    -4.55985e-07     2.50000e+02    -1.50834e+03    -1.99033e-07     1.50000e+02     7.16938e-01     4.98472e+02     1.50000e+02     3.02189e+02     6.61740e+02     1.50000e+02     1.98053e-02     5.47325e+02     1.50000e+02     1.67238e-02     8.62884e+02
   19 1327.0000        4     2.50000e+02    -3.43614e+03    -4.53417e-07     2.50000e+02    -1.50870e+03    -1.99080e-07     1.50000e+02     1.24159e+01     4.44901e+02     1.50000e+02     4.35605e+02     6.05439e+02     1.50000e+02     1.96511e-02     5.49482e+02     1.50000e+02     9.25783e-02     8.64930e+02
   20 1427.0000        5     2.50000e+02    -3.40364e+03    -4.49128e-07     2.50000e+02    -1.51123e+03    -1.99415e-07     1.50000e+02     5.99645e+01     3.79418e+02     1.50000e+02     5.38518e+02     5.63800e+02     1.50000e+02     1.94989e-02     5.52535e+02     1.50000e+02     3.19895e+00     8.49206e+02
   21 1527.0000        4     2.50000e+02    -3.35567e+03    -4.42798e-07     2.50000e+02    -1.51550e+03    -1.99978e-07     1.50000e+02     1.18815e+02     3.30187e+02     1.50000e+02     6.20799e+02     5.33762e+02     1.50000e+02     1.93438e-02     5.56963e+02     1.50000e+02     4.61073e+01     7.56907e+02
   22 1627.0000        4     2.50000e+02    -3.31074e+03    -4.36869e-07     2.50000e+02    -1.52055e+03    -2.00644e-07     1.50000e+02     1.75971e+02     2.91359e+02     1.50000e+02     6.88532e+02     5.09232e+02     1.50000e+02     1.91793e-02     5.62120e+02     1.50000e+02     1.40895e+02     6.75309e+02
   23 1727.0000        4     2.50000e+02    -3.28012e+03    -4.32829e-07     2.50000e+02    -1.52613e+03    -2.01381e-07     1.50000e+02     2.31954e+02     2.60594e+02     1.50000e+02     7.45757e+02     4.89089e+02     1.50000e+02     1.90044e-02     5.67116e+02     1.50000e+02     2.35309e+02     6.19482e+02
   24 1827.0000        4     2.50000e+02    -3.26298e+03    -4.30567e-07     2.50000e+02    -1.53229e+03    -2.02194e-07     1.50000e+02     2.82506e+02     2.36795e+02     1.50000e+02     7.94520e+02     4.72446e+02     1.50000e+02     1.88233e-02     5.71465e+02     1.50000e+02     3.15207e+02     5.76187e+02
   25 1927.0000        4     2.50000e+02    -3.25780e+03    -4.29883e-07     2.50000e+02    -1.53959e+03    -2.03157e-07     1.50000e+02     3.27013e+02     2.17415e+02     1.50000e+02     8.37997e+02     4.59071e+02     1.50000e+02     1.86418e-02     5.74997e+02     1.50000e+02     3.87997e+02     5.42981e+02
   26 2027.0000        4     2.50000e+02    -3.26105e+03    -4.30312e-07     2.50000e+02    -1.54780e+03    -2.04240e-07     1.50000e+02     3.67207e+02     2.01431e+02     1.50000e+02     8.76851e+02     4.47115e+02     1.50000e+02     1.84797e-02     5.77697e+02     1.50000e+02     4.48671e+02     5.15241e+02
   27 2127.0000        4     2.50000e+02    -3.27054e+03    -4.31565e-07     2.50000e+02    -1.55658e+03    -2.05398e-07     1.50000e+02     4.03913e+02     1.88431e+02     1.50000e+02     9.12551e+02     4.35881e+02     1.50000e+02     1.85355e-02     5.79457e+02     1.50000e+02     5.00335e+02     4.92556e+02
   28 2227.0000        4     2.50000e+02    -3.28414e+03    -4.33359e-07     2.50000e+02    -1.56573e+03    -2.06606e-07     1.50000e+02     4.37193e+02     1.76989e+02     1.50000e+02     9.45116e+02     4.25572e+02     1.50000e+02     2.10511e-02     5.80361e+02     1.50000e+02     5.45021e+02     4.74367e+02
   29 2327.0000        4     2.50000e+02    -3.29988e+03    -4.35436e-07     2.50000e+02    -1.57507e+03    -2.07839e-07     1.50000e+02     4.67508e+02     1.66811e+02     1.50000e+02     9.75048e+02     4.16181e+02     1.50000e+02     5.12074e-02     5.80450e+02     1.50000e+02     5.83803e+02     4.58438e+02
   30 2427.0000        4     2.50000e+02    -3.31645e+03    -4.37623e-07     2.50000e+02    -1.58443e+03    -2.09073e-07     1.50000e+02     4.96007e+02     1.57885e+02     1.50000e+02     1.00232e+03     4.07652e+02     1.50000e+02     3.97436e-01     5.78218e+02     1.50000e+02     6.18565e+02     4.43852e+02
   31 2527.0000        4     2.50000e+02    -3.33056e+03    -4.39484e-07     2.50000e+02    -1.59357e+03    -2.10279e-07     1.50000e+02     5.22805e+02     1.50208e+02     1.50000e+02     1.02732e+03     3.99792e+02     1.50000e+02     4.58678e+00     5.59447e+02     1.50000e+02     6.52880e+02     4.29184e+02
   32 2627.0000        3     2.50000e+02    -3.33834e+03    -4.40512e-07     2.50000e+02    -1.60229e+03    -2.11431e-07     1.50000e+02     5.47561e+02     1.43351e+02     1.50000e+02     1.05063e+03     3.92462e+02     1.50000e+02     2.82508e+01     5.16551e+02     1.50000e+02     6.90861e+02     4.12324e+02
   33 2727.0000        4     2.50000e+02    -3.34397e+03    -4.41255e-07     2.50000e+02    -1.61057e+03    -2.12523e-07     1.50000e+02     5.70717e+02     1.37229e+02     1.50000e+02     1.07277e+03     3.85596e+02     1.50000e+02     6.49274e+01     4.84633e+02     1.50000e+02     7.35928e+02     3.93711e+02
   34 2827.0000        3     2.50000e+02    -3.35093e+03    -4.42172e-07     2.50000e+02    -1.61844e+03    -2.13562e-07     1.50000e+02     5.92259e+02     1.31594e+02     1.50000e+02     1.09351e+03     3.79180e+02     1.50000e+02     9.98881e+01     4.62257e+02     1.50000e+02     7.85162e+02     3.74226e+02
   35 2927.0000        3     2.50000e+02    -3.36041e+03    -4.43424e-07     2.50000e+02    -1.62611e+03    -2.14574e-07     1.50000e+02     6.12466e+02     1.26313e+02     1.50000e+02     1.11320e+03     3.73323e+02     1.50000e+02     1.30641e+02     4.44661e+02     1.50000e+02     8.34461e+02     3.55144e+02
   36 3027.0000        3     2.50000e+02    -3.37243e+03    -4.45010e-07     2.50000e+02    -1.63369e+03    -2.15574e-07     1.50000e+02     6.31507e+02     1.21392e+02     1.50000e+02     1.13186e+03     3.67878e+02     1.50000e+02     1.59321e+02     4.28555e+02     1.50000e+02     8.79704e+02     3.38181e+02
   37 3127.0000        3     2.50000e+02    -3.38669e+03    -4.46892e-07     2.50000e+02    -1.64120e+03    -2.16565e-07     1.50000e+02     6.50664e+02     1.17035e+02     1.50000e+02     1.14937e+03     3.62721e+02     1.50000e+02     1.85644e+02     4.12653e+02     1.50000e+02     9.20292e+02     3.23336e+02
   38 3227.0000        3     2.50000e+02    -3.40276e+03    -4.49012e-07     2.50000e+02    -1.64861e+03    -2.17543e-07     1.50000e+02     6.68688e+02     1.12881e+02     1.50000e+02     1.16582e+03     3.57849e+02     1.50000e+02     2.10703e+02     3.97729e+02     1.50000e+02     9.57622e+02     3.10841e+02
   39 3327.0000        3     2.50000e+02    -3.42054e+03    -4.51359e-07     2.50000e+02    -1.65597e+03    -2.18513e-07     1.50000e+02     6.85946e+02     1.08991e+02     1.50000e+02     1.18153e+03     3.53192e+02     1.50000e+02     2.34773e+02     3.84515e+02     1.50000e+02     9.92290e+02     2.99916e+02
   40 3427.0000        3     2.50000e+02    -3.43932e+03    -4.53836e-07     2.50000e+02    -1.66323e+03    -2.19471e-07     1.50000e+02     7.02525e+02     1.05251e+02     1.50000e+02     1.19659e+03     3.48670e+02     1.50000e+02     2.57263e+02     3.72198e+02     1.50000e+02     1.02411e+03     2.89828e+02
   41 3527.0000        3     2.50000e+02    -3.45853e+03    -4.56371e-07     2.50000e+02    -1.67038e+03    -2.20415e-07     1.50000e+02     7.18301e+02     1.01672e+02     1.50000e+02     1.21104e+03     3.44275e+02     1.50000e+02     2.76881e+02     3.61468e+02     1.50000e+02     1.05357e+03     2.80479e+02
   42 3627.0000        3     2.50000e+02    -3.47797e+03    -4.58936e-07     2.50000e+02    -1.67742e+03    -2.21344e-07     1.50000e+02     7.33412e+02     9.82638e+01     1.50000e+02     1.22505e+03     3.39991e+02     1.50000e+02     2.93947e+02     3.52013e+02     1.50000e+02     1.08144e+03     2.71772e+02
   43 3727.0000        3     2.50000e+02    -3.49732e+03    -4.61489e-07     2.50000e+02    -1.68433e+03    -2.22257e-07     1.50000e+02     7.47998e+02     9.49614e+01     1.50000e+02     1.23857e+03     3.35829e+02     1.50000e+02     3.09222e+02     3.43588e+02     1.50000e+02     1.10796e+03     2.63441e+02
   44 3827.0000        3     2.50000e+02    -3.51639e+03    -4.64006e-07     2.50000e+02    -1.69110e+03    -2.23150e-07     1.50000e+02     7.61920e+02     9.17980e+01     1.50000e+02     1.25160e+03     3.31811e+02     1.50000e+02     3.22994e+02     3.36002e+02     1.50000e+02     1.13361e+03     2.55390e+02
   45 3927.0000        3     2.50000e+02    -3.53529e+03    -4.66500e-07     2.50000e+02    -1.69774e+03    -2.24026e-07     1.50000e+02     7.75162e+02     8.87795e+01     1.50000e+02     1.26414e+03     3.27971e+02     1.50000e+02     3.36112e+02     3.29413e+02     1.50000e+02     1.15847e+03     2.47617e+02
   46 4027.0000        3     2.50000e+02    -3.55393e+03    -4.68960e-07     2.50000e+02    -1.70422e+03    -2.24880e-07     1.50000e+02     7.87869e+02     8.59243e+01     1.50000e+02     1.27614e+03     3.24271e+02     1.50000e+02     3.48444e+02     3.23084e+02     1.50000e+02     1.18244e+03     2.40082e+02
   47 4127.0000        3     2.50000e+02    -3.57290e+03    -4.71463e-07     2.50000e+02    -1.71059e+03    -2.25721e-07     1.50000e+02     8.01457e+02     8.33959e+01     1.50000e+02     1.28773e+03     3.20691e+02     1.50000e+02     3.60049e+02     3.16984e+02     1.50000e+02     1.20553e+03     2.32933e+02
   48 4227.0000        3     2.50000e+02    -3.59211e+03    -4.73998e-07     2.50000e+02    -1.71685e+03    -2.26547e-07     1.50000e+02     8.14469e+02     8.09685e+01     1.50000e+02     1.29893e+03     3.17212e+02     1.50000e+02     3.70777e+02     3.11216e+02     1.50000e+02     1.22864e+03     2.26459e+02
   49 4327.0000        3     2.50000e+02    -3.61115e+03    -4.76510e-07     2.50000e+02    -1.72300e+03    -2.27358e-07     1.50000e+02     8.26980e+02     7.86277e+01     1.50000e+02     1.30980e+03     3.13826e+02     1.50000e+02     3.80762e+02     3.05717e+02     1.50000e+02     1.25049e+03     2.20371e+02
   50 4427.0000        3     2.50000e+02    -3.62979e+03    -4.78969e-07     2.50000e+02    -1.72903e+03    -2.28154e-07     1.50000e+02     8.39134e+02     7.63450e+01     1.50000e+02     1.32038e+03     3.10549e+02     1.50000e+02     3.90195e+02     3.00423e+02     1.50000e+02     1.27111e+03     2.14644e+02
   51 4527.0000        3     2.50000e+02    -3.64801e+03    -4.81373e-07     2.50000e+02    -1.73494e+03    -2.28934e-07     1.50000e+02     8.51084e+02     7.40905e+01     1.50000e+02     1.33072e+03     3.07331e+02     1.50000e+02     3.99186e+02     2.95355e+02     1.50000e+02     1.29087e+03     2.09254e+02
   52 4627.0000        3     2.50000e+02    -3.66581e+03    -4.83722e-07     2.50000e+02    -1.74073e+03    -2.29698e-07     1.50000e+02     8.62931e+02     7.18491e+01     1.50000e+02     1.34090e+03     3.04139e+02     1.50000e+02     4.07934e+02     2.90438e+02     1.50000e+02     1.30976e+03     2.04139e+02
   53 4727.0000        3     2.50000e+02    -3.68322e+03    -4.86019e-07     2.50000e+02    -1.74643e+03    -2.30451e-07     1.50000e+02     8.74740e+02     6.96192e+01     1.50000e+02     1.35104e+03     3.00947e+02     1.50000e+02     4.16866e+02     2.85298e+02     1.50000e+02     1.32789e+03     1.99258e+02
   54 4827.0000        3     2.50000e+02    -3.70026e+03    -4.88268e-07     2.50000e+02    -1.75203e+03    -2.31190e-07     1.50000e+02     8.86522e+02     6.74144e+01     1.50000e+02     1.36115e+03     2.97722e+02     1.50000e+02     4.27673e+02     2.79029e+02     1.50000e+02     1.34548e+03     1.94570e+02
   55 4927.0000        3     2.50000e+02    -3.71694e+03    -4.90469e-07     2.50000e+02    -1.75755e+03    -2.31918e-07     1.50000e+02     8.98141e+02     6.52408e+01     1.50000e+02     1.37129e+03     2.94439e+02     1.50000e+02     4.41384e+02     2.71251e+02     1.50000e+02     1.36256e+03     1.90032e+02
   56 5027.0000        3     2.50000e+02    -3.73341e+03    -4.92643e-07     2.50000e+02    -1.76298e+03    -2.32635e-07     1.50000e+02     9.09482e+02     6.31131e+01     1.50000e+02     1.38151e+03     2.91077e+02     1.50000e+02     4.57237e+02     2.62906e+02     1.50000e+02     1.37915e+03     1.85631e+02
   57 5127.0000        3     2.50000e+02    -3.74989e+03    -4.94817e-07     2.50000e+02    -1.76832e+03    -2.33340e-07     1.50000e+02     9.20406e+02     6.10662e+01     1.50000e+02     1.39174e+03     2.87659e+02     1.50000e+02     4.73768e+02     2.55109e+02     1.50000e+02     1.39527e+03     1.81339e+02
   58 5227.0000        3     2.50000e+02    -3.76625e+03    -4.96977e-07     2.50000e+02    -1.77359e+03    -2.34034e-07     1.50000e+02     9.30856e+02     5.91108e+01     1.50000e+02     1.40201e+03     2.84190e+02     1.50000e+02     4.88681e+02     2.48030e+02     1.50000e+02     1.41086e+03     1.77171e+02
   59 5327.0000        3     2.50000e+02    -3.78240e+03    -4.99108e-07     2.50000e+02    -1.77878e+03    -2.34719e-07     1.50000e+02     9.40789e+02     5.72479e+01     1.50000e+02     1.41231e+03     2.80667e+02     1.50000e+02     5.02294e+02     2.41736e+02     1.50000e+02     1.42588e+03     1.73146e+02
   60 5427.0000        3     2.50000e+02    -3.79837e+03    -5.01215e-07     2.50000e+02    -1.78396e+03    -2.35403e-07     1.50000e+02     9.50595e+02     5.55259e+01     1.50000e+02     1.42279e+03     2.77210e+02     1.50000e+02     5.14490e+02     2.36094e+02     1.50000e+02     1.44031e+03     1.69280e+02
   61 5527.0000        3     2.50000e+02    -3.81433e+03    -5.03320e-07     2.50000e+02    -1.78913e+03    -2.36085e-07     1.50000e+02     9.60773e+02     5.39714e+01     1.50000e+02     1.43319e+03     2.73745e+02     1.50000e+02     5.25679e+02     2.30915e+02     1.50000e+02     1.45416e+03     1.65573e+02
   62 5627.0000        3     2.50000e+02    -3.83002e+03    -5.05392e-07     2.50000e+02    -1.79424e+03    -2.36759e-07     1.50000e+02     9.70474e+02     5.24905e+01     1.50000e+02     1.44334e+03     2.70356e+02     1.50000e+02     5.36181e+02     2.26078e+02     1.50000e+02     1.46758e+03     1.62046e+02
   63 5727.0000        2     2.50000e+02    -3.84568e+03    -5.07458e-07     2.50000e+02    -1.79925e+03    -2.37421e-07     1.50000e+02     9.79747e+02     5.10909e+01     1.50000e+02     1.45311e+03     2.67062e+02     1.50000e+02     5.46174e+02     2.21506e+02     1.50000e+02     1.48139e+03     1.58792e+02
   64 5827.0000        2     2.50000e+02    -3.86116e+03    -5.09500e-07     2.50000e+02    -1.80416e+03    -2.38068e-07     1.50000e+02     9.88747e+02     4.97880e+01     1.50000e+02     1.46243e+03     2.63902e+02     1.50000e+02     5.55846e+02     2.17126e+02     1.50000e+02     1.49468e+03     1.55623e+02
   65 5927.0000        2     2.50000e+02    -3.87638e+03    -5.11509e-07     2.50000e+02    -1.80893e+03    -2.38698e-07     1.50000e+02     9.97389e+02     4.85422e+01     1.50000e+02     1.47127e+03     2.60899e+02     1.50000e+02     5.65137e+02     2.12954e+02     1.50000e+02     1.50759e+03     1.52561e+02
   66 6027.0000        3     2.50000e+02    -3.89131e+03    -5.13479e-07     2.50000e+02    -1.81359e+03    -2.39313e-07     1.50000e+02     1.00571e+03     4.73455e+01     1.50000e+02     1.47971e+03     2.58032e+02     1.50000e+02     5.74002e+02     2.08978e+02     1.50000e+02     1.52019e+03     1.49618e+02
   67 6127.0000        3     2.50000e+02    -3.90594e+03    -5.15410e-07     2.50000e+02    -1.81813e+03    -2.39912e-07     1.50000e+02     1.01372e+03     4.61944e+01     1.50000e+02     1.48776e+03     2.55302e+02     1.50000e+02     5.82531e+02     2.05162e+02     1.50000e+02     1.53255e+03     1.46794e+02
   68 6227.0000        3     2.50000e+02    -3.92023e+03    -5.17295e-07     2.50000e+02    -1.82255e+03    -2.40495e-07     1.50000e+02     1.02144e+03     4.50845e+01     1.50000e+02     1.49543e+03     2.52710e+02     1.50000e+02     5.90760e+02     2.01497e+02     1.50000e+02     1.54453e+03     1.44047e+02
   69 6327.0000        3     2.50000e+02    -3.93425e+03    -5.19145e-07     2.50000e+02    -1.82685e+03    -2.41062e-07     1.50000e+02     1.02888e+03     4.40135e+01     1.50000e+02     1.50273e+03     2.50245e+02     1.50000e+02     5.99071e+02     1.98102e+02     1.50000e+02     1.55616e+03     1.41377e+02
   70 6427.0000        3     2.50000e+02    -3.94802e+03    -5.20962e-07     2.50000e+02    -1.83105e+03    -2.41617e-07     1.50000e+02     1.03602e+03     4.29823e+01     1.50000e+02     1.50974e+03     2.47906e+02     1.50000e+02     6.07281e+02     1.94818e+02     1.50000e+02     1.56745e+03     1.38785e+02
   71 6527.0000        3     2.50000e+02    -3.96151e+03    -5.22741e-07     2.50000e+02    -1.83517e+03    -2.42160e-07     1.50000e+02     1.04287e+03     4.19923e+01     1.50000e+02     1.51646e+03     2.45689e+02     1.50000e+02     6.15295e+02     1.91605e+02     1.50000e+02     1.57843e+03     1.36260e+02
   72 6627.0000        3     2.50000e+02    -3.97469e+03    -5.24481e-07     2.50000e+02    -1.83920e+03    -2.42692e-07     1.50000e+02     1.04942e+03     4.10431e+01     1.50000e+02     1.52290e+03     2.43566e+02     1.50000e+02     6.23181e+02     1.88450e+02     1.50000e+02     1.58912e+03     1.33819e+02
   73 6727.0000        2     2.50000e+02    -3.98756e+03    -5.26179e-07     2.50000e+02    -1.84314e+03    -2.43211e-07     1.50000e+02     1.05571e+03     4.01304e+01     1.50000e+02     1.52909e+03     2.41536e+02     1.50000e+02     6.30887e+02     1.85377e+02     1.50000e+02     1.59950e+03     1.31448e+02
   74 6827.0000        2     2.50000e+02    -4.00011e+03    -5.27836e-07     2.50000e+02    -1.84698e+03    -2.43719e-07     1.50000e+02     1.06177e+03     3.92509e+01     1.50000e+02     1.53506e+03     2.39582e+02     1.50000e+02     6.38465e+02     1.82392e+02     1.50000e+02     1.60955e+03     1.29152e+02
   75 6927.0000        3     2.50000e+02    -4.01238e+03    -5.29454e-07     2.50000e+02    -1.85075e+03    -2.44216e-07     1.50000e+02     1.06759e+03     3.84051e+01     1.50000e+02     1.54083e+03     2.37699e+02     1.50000e+02     6.45948e+02     1.79479e+02     1.50000e+02     1.61929e+03     1.26936e+02
   76 7027.0000        2     2.50000e+02    -4.02436e+03    -5.31035e-07     2.50000e+02    -1.85444e+03    -2.44703e-07     1.50000e+02     1.07318e+03     3.75912e+01     1.50000e+02     1.54643e+03     2.35882e+02     1.50000e+02     6.53397e+02     1.76633e+02     1.50000e+02     1.62873e+03     1.24796e+02
   77 7127.0000        3     2.50000e+02    -4.03607e+03    -5.32581e-07     2.50000e+02    -1.85807e+03    -2.45182e-07     1.50000e+02     1.07857e+03     3.68054e+01     1.50000e+02     1.55186e+03     2.34125e+02     1.50000e+02     6.60830e+02     1.73846e+02     1.50000e+02     1.63785e+03     1.22731e+02
   78 7227.0000        3     2.50000e+02    -4.04752e+03    -5.34091e-07     2.50000e+02    -1.86164e+03    -2.45653e-07     1.50000e+02     1.08376e+03     3.60473e+01     1.50000e+02     1.55716e+03     2.32431e+02     1.50000e+02     6.68210e+02     1.71103e+02     1.50000e+02     1.64665e+03     1.20754e+02
   79 7327.0000        3     2.50000e+02    -4.05871e+03    -5.35568e-07     2.50000e+02    -1.86516e+03    -2.46118e-07     1.50000e+02     1.08876e+03     3.53151e+01     1.50000e+02     1.56234e+03     2.30799e+02     1.50000e+02     6.75470e+02     1.68416e+02     1.50000e+02     1.65515e+03     1.18848e+02
   80 7427.0000        2     2.50000e+02    -4.06966e+03    -5.37013e-07     2.50000e+02    -1.86862e+03    -2.46575e-07     1.50000e+02     1.09358e+03     3.46076e+01     1.50000e+02     1.56738e+03     2.29225e+02     1.50000e+02     6.82624e+02     1.65786e+02     1.50000e+02     1.66338e+03     1.17012e+02
   81 7527.0000        2     2.50000e+02    -4.08039e+03    -5.38429e-07     2.50000e+02    -1.87204e+03    -2.47026e-07     1.50000e+02     1.09820e+03     3.39285e+01     1.50000e+02     1.57230e+03     2.27716e+02     1.50000e+02     6.89766e+02     1.63181e+02     1.50000e+02     1.67136e+03     1.15237e+02
   82 7627.0000        2     2.50000e+02    -4.09089e+03    -5.39814e-07     2.50000e+02    -1.87541e+03    -2.47470e-07     1.50000e+02     1.10266e+03     3.32745e+01     1.50000e+02     1.57708e+03     2.26273e+02     1.50000e+02     6.96883e+02     1.60604e+02     1.50000e+02     1.67913e+03     1.13517e+02
   83 7727.0000        2     2.50000e+02    -4.10118e+03    -5.41171e-07     2.50000e+02    -1.87872e+03    -2.47906e-07     1.50000e+02     1.10697e+03     3.26524e+01     1.50000e+02     1.58175e+03     2.24887e+02     1.50000e+02     7.03929e+02     1.58065e+02     1.50000e+02     1.68668e+03     1.11849e+02
   84 7827.0000        2     2.50000e+02    -4.11145e+03    -5.42527e-07     2.50000e+02    -1.88200e+03    -2.48339e-07     1.50000e+02     1.11161e+03     3.20669e+01     1.50000e+02     1.58629e+03     2.23557e+02     1.50000e+02     7.10876e+02     1.55572e+02     1.50000e+02     1.69403e+03     1.10230e+02
   85 7927.0000        2     2.50000e+02    -4.12176e+03    -5.43888e-07     2.50000e+02    -1.88524e+03    -2.48767e-07     1.50000e+02     1.11656e+03     3.15103e+01     1.50000e+02     1.59072e+03     2.22272e+02     1.50000e+02     7.17723e+02     1.53129e+02     1.50000e+02     1.70118e+03     1.08656e+02
   86 8027.0000        2     2.50000e+02    -4.13201e+03    -5.45240e-07     2.50000e+02    -1.88847e+03    -2.49194e-07     1.50000e+02     1.12143e+03     3.09654e+01     1.50000e+02     1.59504e+03     2.21032e+02     1.50000e+02     7.24489e+02     1.50723e+02     1.50000e+02     1.70820e+03     1.07126e+02
   87 8127.0000        2     2.50000e+02    -4.14212e+03    -5.46575e-07     2.50000e+02    -1.89167e+03    -2.49616e-07     1.50000e+02     1.12617e+03     3.04362e+01     1.50000e+02     1.59929e+03     2.19819e+02     1.50000e+02     7.31190e+02     1.48354e+02     1.50000e+02     1.71508e+03     1.05635e+02
   88 8227.0000        2     2.50000e+02    -4.15207e+03    -5.47887e-07     2.50000e+02    -1.89484e+03    -2.50034e-07     1.50000e+02     1.13080e+03     2.99267e+01     1.50000e+02     1.60344e+03     2.18635e+02     1.50000e+02     7.37811e+02     1.46025e+02     1.50000e+02     1.72181e+03     1.04177e+02
   89 8327.0000        3     2.50000e+02    -4.16205e+03    -5.49205e-07     2.50000e+02    -1.89798e+03    -2.50448e-07     1.50000e+02     1.13539e+03     2.94225e+01     1.50000e+02     1.60750e+03     2.17475e+02     1.50000e+02     7.44623e+02     1.43803e+02     1.50000e+02     1.72869e+03     1.02785e+02
   90 8427.0000        3     2.50000e+02    -4.17219e+03    -5.50543e-07     2.50000e+02    -1.90111e+03    -2.50861e-07     1.50000e+02     1.13991e+03     2.89226e+01     1.50000e+02     1.61146e+03     2.16338e+02     1.50000e+02     7.51479e+02     1.41659e+02     1.50000e+02     1.73577e+03     1.01457e+02
   91 8527.0000        2     2.50000e+02    -4.18235e+03    -5.51883e-07     2.50000e+02    -1.90421e+03    -2.51271e-07     1.50000e+02     1.14436e+03     2.84294e+01     1.50000e+02     1.61533e+03     2.15217e+02     1.50000e+02     7.58213e+02     1.39528e+02     1.50000e+02     1.74267e+03     1.00148e+02
   92 8627.0000        3     2.50000e+02    -4.19244e+03    -5.53214e-07     2.50000e+02    -1.90730e+03    -2.51678e-07     1.50000e+02     1.14871e+03     2.79452e+01     1.50000e+02     1.61913e+03     2.14111e+02     1.50000e+02     7.64869e+02     1.37408e+02     1.50000e+02     1.74940e+03     9.88603e+01
   93 8727.0000        2     2.50000e+02    -4.20240e+03    -5.54528e-07     2.50000e+02    -1.91036e+03    -2.52081e-07     1.50000e+02     1.15296e+03     2.74727e+01     1.50000e+02     1.62286e+03     2.13021e+02     1.50000e+02     7.71451e+02     1.35309e+02     1.50000e+02     1.75596e+03     9.76031e+01
   94 8827.0000        2     2.50000e+02    -4.21222e+03    -5.55825e-07     2.50000e+02    -1.91339e+03    -2.52482e-07     1.50000e+02     1.15713e+03     2.70093e+01     1.50000e+02     1.62652e+03     2.11941e+02     1.50000e+02     7.77935e+02     1.33247e+02     1.50000e+02     1.76239e+03     9.63706e+01
   95 8927.0000        2     2.50000e+02    -4.22190e+03    -5.57101e-07     2.50000e+02    -1.91640e+03    -2.52878e-07     1.50000e+02     1.16121e+03     2.65551e+01     1.50000e+02     1.63012e+03     2.10873e+02     1.50000e+02     7.84284e+02     1.31236e+02     1.50000e+02     1.76870e+03     9.51613e+01
   96 9027.0000        3     2.50000e+02    -4.23142e+03    -5.58357e-07     2.50000e+02    -1.91938e+03    -2.53272e-07     1.50000e+02     1.16520e+03     2.61116e+01     1.50000e+02     1.63367e+03     2.09820e+02     1.50000e+02     7.90485e+02     1.29285e+02     1.50000e+02     1.77488e+03     9.39804e+01
   97 9127.0000        3     2.50000e+02    -4.24079e+03    -5.59594e-07     2.50000e+02    -1.92233e+03    -2.53662e-07     1.50000e+02     1.16919e+03     2.56833e+01     1.50000e+02     1.63717e+03     2.08780e+02     1.50000e+02     7.96536e+02     1.27390e+02     1.50000e+02     1.78093e+03     9.28208e+01
   98 9227.0000        3     2.50000e+02    -4.25002e+03    -5.60813e-07     2.50000e+02    -1.92525e+03    -2.54047e-07     1.50000e+02     1.17316e+03     2.52627e+01     1.50000e+02     1.64061e+03     2.07755e+02     1.50000e+02     8.02450e+02     1.25548e+02     1.50000e+02     1.78686e+03     9.16892e+01
   99 9327.0000        3     2.50000e+02    -4.25911e+03    -5.62011e-07     2.50000e+02    -1.92815e+03    -2.54429e-07     1.50000e+02     1.17705e+03     2.48501e+01     1.50000e+02     1.64400e+03     2.06754e+02     1.50000e+02     8.08235e+02     1.23752e+02     1.50000e+02     1.79268e+03     9.05773e+01
  100 9427.0000        3     2.50000e+02    -4.26801e+03    -5.63187e-07     2.50000e+02    -1.93101e+03    -2.54807e-07     1.50000e+02     1.18083e+03     2.44489e+01     1.50000e+02     1.64733e+03     2.05766e+02     1.50000e+02     8.13902e+02     1.22005e+02     1.50000e+02     1.79839e+03     8.94867e+01
  101 9527.0000        3     2.50000e+02    -4.27674e+03    -5.64338e-07     2.50000e+02    -1.93384e+03    -2.55180e-07     1.50000e+02     1.18452e+03     2.40588e+01     1.50000e+02     1.65062e+03     2.04794e+02     1.50000e+02     8.19441e+02     1.20308e+02     1.50000e+02     1.80396e+03     8.84249e+01
  102 9627.0000        3     2.50000e+02    -4.28531e+03    -5.65469e-07     2.50000e+02    -1.93663e+03    -2.55548e-07     1.50000e+02     1.18812e+03     2.36784e+01     1.50000e+02     1.65387e+03     2.03842e+02     1.50000e+02     8.24859e+02     1.18660e+02     1.50000e+02     1.80946e+03     8.73950e+01
  103 9727.0000        2     2.50000e+02    -4.29374e+03    -5.66582e-07     2.50000e+02    -1.93938e+03    -2.55911e-07     1.50000e+02     1.19164e+03     2.33064e+01     1.50000e+02     1.65707e+03     2.02921e+02     1.50000e+02     8.30159e+02     1.17057e+02     1.50000e+02     1.81490e+03     8.63894e+01
  104 9827.0000        3     2.50000e+02    -4.30202e+03    -5.67674e-07     2.50000e+02    -1.94210e+03    -2.56270e-07     1.50000e+02     1.19508e+03     2.29448e+01     1.50000e+02     1.66022e+03     2.02027e+02     1.50000e+02     8.35361e+02     1.15492e+02     1.50000e+02     1.82020e+03     8.54078e+01
  105 9927.0000        3     2.50000e+02    -4.31014e+03    -5.68745e-07     2.50000e+02    -1.94478e+03    -2.56623e-07     1.50000e+02     1.19844e+03     2.25924e+01     1.50000e+02     1.66336e+03     2.01152e+02     1.50000e+02     8.40483e+02     1.13962e+02     1.50000e+02     1.82537e+03     8.44514e+01
  10610000.0000        3     2.50000e+02    -4.31598e+03    -5.69516e-07     2.50000e+02    -1.94671e+03    -2.56878e-07     1.50000e+02     1.20085e+03     2.23403e+01     1.50000e+02     1.66566e+03     2.00525e+02     1.50000e+02     8.44187e+02     1.12871e+02     1.50000e+02     1.82908e+03     8.37661e+01
