    TS       Day   Newton          I1:BHP          I1:WIR          I1:OIR          P1:BHP          P1:WPR          P1:OPR
    0    0.0000        0     4.34370e+02    -1.27365e+03    -1.68065e-07     3.93001e+02     1.12965e-07     1.49064e+03
    1    0.0100        1     4.34370e+02    -8.74199e+02    -1.15355e-07     3.93001e+02     1.19324e-02     1.03207e+03
    2    0.0300        1     4.34370e+02    -7.21375e+02    -9.51891e-08     3.93001e+02     1.36604e-02     8.59627e+02
    3    0.0700        1     4.34370e+02    -6.35593e+02    -8.38698e-08     3.93001e+02     1.39520e-02     7.71822e+02
    4    0.1500        1     4.34370e+02    -5.69979e+02    -7.52116e-08     3.93001e+02     1.39019e-02     7.13974e+02
    5    0.3100        1     4.34370e+02    -5.13249e+02    -6.77259e-08     3.93001e+02     1.37258e-02     6.77197e+02
    6    0.6300        2     4.34370e+02    -4.75319e+02    -6.27208e-08     3.93001e+02     1.34740e-02     6.53481e+02
    7    1.2700        2     4.34370e+02    -4.65682e+02    -6.14492e-08     3.93001e+02     1.30779e-02     6.28472e+02
    8    2.5500        2     4.34370e+02    -5.11431e+02    -6.74860e-08     3.93001e+02     1.25012e-02     6.06384e+02
    9    5.1100        3     4.34370e+02    -5.78344e+02    -7.63154e-08     3.93001e+02     1.17470e-02     6.13530e+02
   10   10.2300        3     4.34370e+02    -6.23402e+02    -8.22611e-08     3.93001e+02     1.04774e-02     6.51354e+02
   11   20.4700        3     4.34370e+02    -6.50524e+02    -8.58399e-08     3.93001e+02     8.44293e-03     6.93477e+02
   12   35.4700        3     4.34370e+02    -6.71941e+02    -8.86661e-08     3.93001e+02     6.41278e-03     7.24096e+02
   13   50.4700        3     4.34370e+02    -6.88850e+02    -9.08972e-08     3.93001e+02     4.93459e-03     7.44862e+02
   14   65.4700        3     4.34370e+02    -7.01006e+02    -9.25014e-08     3.93001e+02     3.80965e-03     7.59545e+02
   15   80.4700        3     4.34370e+02    -7.10307e+02    -9.37286e-08     3.93001e+02     2.92265e-03     7.70526e+02
   16   95.4700        3     4.34370e+02    -7.17730e+02    -9.47081e-08     3.93001e+02     2.21112e-03     7.79142e+02
   17  110.4700        2     4.34370e+02    -7.23760e+02    -9.55039e-08     3.93001e+02     1.64699e-03     7.86073e+02
   18  125.4700        2     4.34370e+02    -7.28766e+02    -9.61644e-08     3.93001e+02     1.21388e-03     7.91775e+02
   19  140.4700        2     4.34370e+02    -7.32846e+02    -9.67028e-08     3.93001e+02     9.37753e-04     7.96404e+02
   20  155.4700        3     4.34370e+02    -7.36311e+02    -9.71600e-08     3.93001e+02     1.01847e-03     8.00290e+02
   21  170.4700        3     4.34370e+02    -7.39043e+02    -9.75206e-08     3.93001e+02     2.41093e-03     8.03354e+02
   22  185.4700        3     4.34370e+02    -7.41226e+02    -9.78086e-08     3.93001e+02     9.37725e-03     8.05757e+02
   23  200.4700        3     4.34370e+02    -7.42576e+02    -9.79868e-08     3.93001e+02     4.10218e-02     8.07194e+02
   24  215.4700        2     4.34370e+02    -7.42858e+02    -9.80239e-08     3.93001e+02     1.90062e-01     8.07281e+02
   25  230.4700        3     4.34370e+02    -7.40748e+02    -9.77455e-08     3.93001e+02     1.01839e+00     8.03858e+02
   26  245.4700        4     4.34370e+02    -7.29510e+02    -9.62626e-08     3.93001e+02     5.92639e+00     7.85330e+02
   27  260.4700        3     4.34370e+02    -6.99145e+02    -9.22558e-08     3.93001e+02     2.54734e+01     7.29065e+02
   28  275.4700        3     4.34370e+02    -6.76335e+02    -8.92459e-08     3.93001e+02     6.63861e+01     6.60788e+02
   29  290.4700        2     4.34370e+02    -6.57942e+02    -8.68188e-08     3.93001e+02     1.11020e+02     5.92798e+02
   30  305.4700        2     4.34370e+02    -6.57245e+02    -8.67268e-08     3.93001e+02     1.61959e+02     5.38542e+02
   31  320.4700        3     4.34370e+02    -6.58151e+02    -8.68465e-08     3.93001e+02     2.06550e+02     4.91180e+02
   32  335.4700        2     4.34370e+02    -6.61043e+02    -8.72281e-08     3.93001e+02     2.47666e+02     4.49799e+02
   33  350.4700        2     4.34370e+02    -6.68831e+02    -8.82557e-08     3.93001e+02     2.87539e+02     4.15364e+02
   34  365.4700        2     4.34370e+02    -6.76896e+02    -8.93199e-08     3.93001e+02     3.22837e+02     3.85755e+02
   35  380.4700        2     4.34370e+02    -6.84731e+02    -9.03538e-08     3.93001e+02     3.54341e+02     3.59977e+02
   36  395.4700        2     4.34370e+02    -6.94216e+02    -9.16054e-08     3.93001e+02     3.83964e+02     3.38210e+02
   37  410.4700        2     4.34370e+02    -7.04151e+02    -9.29164e-08     3.93001e+02     4.11336e+02     3.19265e+02
   38  425.4700        2     4.34370e+02    -7.16124e+02    -9.44963e-08     3.93001e+02     4.38295e+02     3.03117e+02
   39  440.4700        2     4.34370e+02    -7.27588e+02    -9.60090e-08     3.93001e+02     4.63314e+02     2.88320e+02
   40  455.4700        2     4.34370e+02    -7.38101e+02    -9.73962e-08     3.93001e+02     4.86536e+02     2.74403e+02
   41  470.4700        2     4.34370e+02    -7.47827e+02    -9.86796e-08     3.93001e+02     5.08373e+02     2.61153e+02
   42  485.4700        2     4.34370e+02    -7.57042e+02    -9.98955e-08     3.93001e+02     5.29128e+02     2.48550e+02
   43  500.4700        2     4.34370e+02    -7.65592e+02    -1.01024e-07     3.93001e+02     5.48634e+02     2.36571e+02
   44  515.4700        2     4.34370e+02    -7.73764e+02    -1.02102e-07     3.93001e+02     5.66923e+02     2.25530e+02
   45  530.4700        2     4.34370e+02    -7.81438e+02    -1.03115e-07     3.93001e+02     5.84051e+02     2.15201e+02
   46  545.4700        2     4.34370e+02    -7.88589e+02    -1.04058e-07     3.93001e+02     5.99955e+02     2.05635e+02
   47  560.4700        2     4.34370e+02    -7.95299e+02    -1.04944e-07     3.93001e+02     6.14872e+02     1.96670e+02
   48  575.4700        2     4.34370e+02    -8.02216e+02    -1.05857e-07     3.93001e+02     6.29459e+02     1.88339e+02
   49  590.4700        1     4.34370e+02    -8.10092e+02    -1.06896e-07     3.93001e+02     6.44285e+02     1.80752e+02
   50  605.4700        2     4.34370e+02    -8.18556e+02    -1.08013e-07     3.93001e+02     6.59226e+02     1.73843e+02
   51  620.4700        2     4.34370e+02    -8.26820e+02    -1.09103e-07     3.93001e+02     6.73460e+02     1.67331e+02
   52  635.4700        2     4.34370e+02    -8.34662e+02    -1.10138e-07     3.93001e+02     6.86962e+02     1.61140e+02
   53  650.4700        2     4.34370e+02    -8.42085e+02    -1.11117e-07     3.93001e+02     6.99747e+02     1.55273e+02
   54  665.4700        2     4.34370e+02    -8.49154e+02    -1.12050e-07     3.93001e+02     7.11905e+02     1.49708e+02
   55  680.4700        1     4.34370e+02    -8.55876e+02    -1.12937e-07     3.93001e+02     7.23403e+02     1.44415e+02
   56  695.4700        2     4.34370e+02    -8.62292e+02    -1.13784e-07     3.93001e+02     7.34578e+02     1.39286e+02
   57  710.4700        2     4.34370e+02    -8.68522e+02    -1.14606e-07     3.93001e+02     7.45262e+02     1.34426e+02
   58  725.4700        1     4.34370e+02    -8.74590e+02    -1.15407e-07     3.93001e+02     7.55539e+02     1.29791e+02
   59  740.4700        1     4.34370e+02    -8.80415e+02    -1.16175e-07     3.93001e+02     7.65460e+02     1.25321e+02
   60  755.4700        2     4.34370e+02    -8.85966e+02    -1.16908e-07     3.93001e+02     7.74977e+02     1.21026e+02
   61  770.4700        1     4.34370e+02    -8.91261e+02    -1.17607e-07     3.93001e+02     7.84006e+02     1.16915e+02
   62  785.4700        2     4.34370e+02    -8.96291e+02    -1.18270e-07     3.93001e+02     7.92670e+02     1.12975e+02
   63  800.0000        1     4.34370e+02    -9.00967e+02    -1.18887e-07     3.93001e+02     8.00665e+02     1.09327e+02
