    TS         Day   Newton          I1:BHP          I1:WAT          I1:OIL          I2:BHP          I2:WAT          I2:OIL          I3:BHP          I3:WAT          I3:OIL          P1:BHP          P1:WAT          P1:OIL          P2:BHP          P2:WAT          P2:OIL          P3:BHP          P3:WAT          P3:OIL          P4:BHP          P4:WAT          P4:OIL          P5:BHP          P5:WAT          P5:OIL
     1      0.0100        2     3.30000e+02    -9.90312e+02    -1.30677e-07     3.30000e+02    -8.81486e+02    -1.16317e-07     3.30000e+02    -7.62907e+02    -1.00670e-07     3.10000e+02     1.34601e-02     1.94425e+03     3.10000e+02     1.33346e-02     2.00217e+03     3.10000e+02     1.28362e-02     2.15740e+03     3.10000e+02     1.32721e-02     2.02586e+03     3.10000e+02     1.34880e-02     1.93148e+03
     2      0.0300        2     3.30000e+02    -8.59035e+02    -1.13354e-07     3.30000e+02    -7.20042e+02    -9.50133e-08     3.30000e+02    -6.50384e+02    -8.58215e-08     3.10000e+02     1.35981e-02     1.66849e+03     3.10000e+02     1.36072e-02     1.76659e+03     3.10000e+02     1.33727e-02     1.95689e+03     3.10000e+02     1.35589e-02     1.83201e+03     3.10000e+02     1.36074e-02     1.68089e+03
     3      0.0700        2     3.30000e+02    -7.59930e+02    -1.00277e-07     3.30000e+02    -6.11322e+02    -8.06671e-08     3.30000e+02    -5.66609e+02    -7.47670e-08     3.10000e+02     1.32886e-02     1.49699e+03     3.10000e+02     1.34802e-02     1.63412e+03     3.10000e+02     1.34441e-02     1.84278e+03     3.10000e+02     1.34970e-02     1.73420e+03     3.10000e+02     1.33573e-02     1.52961e+03
     4      0.1500        2     3.30000e+02    -6.64185e+02    -8.76426e-08     3.30000e+02    -5.16032e+02    -6.80932e-08     3.30000e+02    -4.81975e+02    -6.35991e-08     3.10000e+02     1.26955e-02     1.33007e+03     3.10000e+02     1.31739e-02     1.51513e+03     3.10000e+02     1.33307e-02     1.74106e+03     3.10000e+02     1.32817e-02     1.63658e+03     3.10000e+02     1.28917e-02     1.38556e+03
     5      0.3100        2     3.30000e+02    -5.84791e+02    -7.71662e-08     3.30000e+02    -4.33642e+02    -5.72213e-08     3.30000e+02    -4.00097e+02    -5.27949e-08     3.10000e+02     1.17670e-02     1.15453e+03     3.10000e+02     1.26782e-02     1.39677e+03     3.10000e+02     1.30270e-02     1.63052e+03     3.10000e+02     1.28552e-02     1.51394e+03     3.10000e+02     1.21735e-02     1.23393e+03
     6      0.6300        3     3.30000e+02    -5.46465e+02    -7.21089e-08     3.30000e+02    -3.81951e+02    -5.04004e-08     3.30000e+02    -3.36648e+02    -4.44224e-08     3.10000e+02     1.04663e-02     9.70591e+02     3.10000e+02     1.19815e-02     1.27926e+03     3.10000e+02     1.24763e-02     1.49394e+03     3.10000e+02     1.21160e-02     1.35240e+03     3.10000e+02     1.11658e-02     1.07150e+03
     7      1.2700        3     3.30000e+02    -5.63812e+02    -7.43979e-08     3.30000e+02    -3.94028e+02    -5.19940e-08     3.30000e+02    -3.00039e+02    -3.95917e-08     3.10000e+02     8.79778e-03     7.82347e+02     3.10000e+02     1.10918e-02     1.16587e+03     3.10000e+02     1.16102e-02     1.31955e+03     3.10000e+02     1.09867e-02     1.15396e+03     3.10000e+02     9.84664e-03     8.97669e+02
     8      2.5500        4     3.30000e+02    -6.20930e+02    -8.19349e-08     3.30000e+02    -4.93103e+02    -6.50675e-08     3.30000e+02    -2.85782e+02    -3.77104e-08     3.10000e+02     6.81006e-03     5.95134e+02     3.10000e+02     1.00162e-02     1.05781e+03     3.10000e+02     1.03734e-02     1.10719e+03     3.10000e+02     9.48108e-03     9.36356e+02     3.10000e+02     8.19558e-03     7.12014e+02
     9      5.1100        5     3.30000e+02    -7.04981e+02    -9.30259e-08     3.30000e+02    -6.68759e+02    -8.82463e-08     3.30000e+02    -2.94482e+02    -3.88585e-08     3.10000e+02     4.67663e-03     4.23117e+02     3.10000e+02     8.72242e-03     9.56284e+02     3.10000e+02     8.76408e-03     8.80680e+02     3.10000e+02     7.70703e-03     7.25169e+02     3.10000e+02     6.24542e-03     5.22569e+02
    10     10.2300        6     3.30000e+02    -8.01329e+02    -1.05739e-07     3.30000e+02    -8.61119e+02    -1.13629e-07     3.30000e+02    -3.21068e+02    -4.23666e-08     3.10000e+02     2.77560e-03     2.93735e+02     3.10000e+02     7.10669e-03     8.75191e+02     3.10000e+02     6.96130e-03     6.91064e+02     3.10000e+02     5.89338e-03     5.54605e+02     3.10000e+02     4.27161e-03     3.58538e+02
    11     20.4700        9     3.30000e+02    -8.76615e+02    -1.15674e-07     3.30000e+02    -1.00267e+03    -1.32308e-07     3.30000e+02    -3.47986e+02    -4.59185e-08     3.10000e+02     1.43590e-03     2.27144e+02     3.10000e+02     5.02752e-03     8.36935e+02     3.10000e+02     5.23177e-03     5.86462e+02     3.10000e+02     4.31198e-03     4.57054e+02     3.10000e+02     2.74825e-03     2.57008e+02
    12     40.9500        9     3.30000e+02    -9.23686e+02    -1.21885e-07     3.30000e+02    -1.08159e+03    -1.42722e-07     3.30000e+02    -3.62818e+02    -4.78757e-08     3.10000e+02     6.32151e-04     2.10491e+02     3.10000e+02     2.81549e-03     8.41654e+02     3.10000e+02     3.50166e-03     5.60410e+02     3.10000e+02     2.94172e-03     4.27212e+02     3.10000e+02     1.72777e-03     2.20989e+02
    13     50.0000        8     3.30000e+02    -9.40766e+02    -1.24139e-07     3.30000e+02    -1.10911e+03    -1.46353e-07     3.30000e+02    -3.66122e+02    -4.83117e-08     3.10000e+02     4.29314e-04     2.10240e+02     3.10000e+02     2.11433e-03     8.50974e+02     3.10000e+02     2.90446e-03     5.61962e+02     3.10000e+02     2.50156e-03     4.25699e+02     3.10000e+02     1.43510e-03     2.17185e+02
    14     90.9600       15     3.30000e+02    -9.70964e+02    -1.28124e-07     3.30000e+02    -1.14987e+03    -1.51731e-07     3.30000e+02    -3.64995e+02    -4.81630e-08     3.10000e+02     1.95618e-04     2.16045e+02     3.10000e+02     1.95122e-03     8.78524e+02     3.10000e+02     1.63069e-03     5.78165e+02     3.10000e+02     1.58780e-03     4.33611e+02     3.10000e+02     7.90975e-04     2.21259e+02
    15    100.0000        6     3.30000e+02    -9.83323e+02    -1.29755e-07     3.30000e+02    -1.16391e+03    -1.53584e-07     3.30000e+02    -3.65070e+02    -4.81729e-08     3.10000e+02     1.63444e-04     2.17769e+02     3.10000e+02     2.03308e-03     8.88332e+02     3.10000e+02     1.40146e-03     5.83204e+02     3.10000e+02     1.42534e-03     4.36238e+02     3.10000e+02     6.72800e-04     2.22895e+02
    16    150.0000       14     3.30000e+02    -1.01208e+03    -1.33549e-07     3.30000e+02    -1.18366e+03    -1.56191e-07     3.30000e+02    -3.61056e+02    -4.76432e-08     3.10000e+02     1.13703e-04     2.25948e+02     3.10000e+02     4.69152e+01     8.61157e+02     3.10000e+02     8.80034e-04     5.96530e+02     3.10000e+02     1.00539e-03     4.42253e+02     3.10000e+02     3.74205e-04     2.27108e+02
    17    200.0000       13     3.30000e+02    -1.04312e+03    -1.37646e-07     3.30000e+02    -1.20878e+03    -1.59504e-07     3.30000e+02    -3.60064e+02    -4.75123e-08     3.10000e+02     8.90962e-05     2.32056e+02     3.10000e+02     1.44367e+02     7.95180e+02     3.10000e+02     6.43368e-04     6.08750e+02     3.10000e+02     7.80834e-04     4.48417e+02     3.10000e+02     2.32196e-04     2.31212e+02
    18    250.0000       11     3.30000e+02    -1.07529e+03    -1.41889e-07     3.30000e+02    -1.23734e+03    -1.63273e-07     3.30000e+02    -3.59817e+02    -4.74798e-08     3.10000e+02     7.11866e-05     2.34388e+02     3.10000e+02     2.46463e+02     7.36466e+02     3.10000e+02     5.28191e-04     6.19067e+02     3.10000e+02     6.49722e-04     4.54363e+02     3.10000e+02     1.60229e-04     2.35123e+02
    19    300.0000       11     3.30000e+02    -1.09914e+03    -1.45037e-07     3.30000e+02    -1.26345e+03    -1.66719e-07     3.30000e+02    -3.61404e+02    -4.76891e-08     3.10000e+02     5.71787e-05     2.36027e+02     3.10000e+02     3.33990e+02     6.81215e+02     3.10000e+02     4.67404e-04     6.28640e+02     3.10000e+02     5.68956e-04     4.60541e+02     3.10000e+02     1.21363e-04     2.39329e+02
    20    350.0000       10     3.30000e+02    -1.11766e+03    -1.47481e-07     3.30000e+02    -1.28746e+03    -1.69886e-07     3.30000e+02    -3.65029e+02    -4.81675e-08     3.10000e+02     4.63142e-05     2.37802e+02     3.10000e+02     4.08277e+02     6.34763e+02     3.10000e+02     4.33699e-04     6.37273e+02     3.10000e+02     5.17380e-04     4.66312e+02     3.10000e+02     9.91204e-05     2.43254e+02
    21    400.0000       11     3.30000e+02    -1.13304e+03    -1.49510e-07     3.30000e+02    -1.30875e+03    -1.72697e-07     3.30000e+02    -3.70166e+02    -4.88453e-08     3.10000e+02     3.79691e-05     2.39355e+02     3.10000e+02     4.71668e+02     5.95841e+02     3.10000e+02     4.29155e-04     6.45241e+02     3.10000e+02     4.82908e-04     4.71784e+02     3.10000e+02     8.56176e-05     2.47048e+02
    22    450.0000       10     3.30000e+02    -1.14386e+03    -1.50938e-07     3.30000e+02    -1.32721e+03    -1.75133e-07     3.30000e+02    -3.76358e+02    -4.96623e-08     3.10000e+02     3.14777e-05     2.41086e+02     3.10000e+02     5.27467e+02     5.57897e+02     3.10000e+02     9.65126e-02     6.53283e+02     3.10000e+02     4.58522e-04     4.77012e+02     3.10000e+02     7.69110e-05     2.50580e+02
    23    500.0000       11     3.30000e+02    -1.15372e+03    -1.52239e-07     3.30000e+02    -1.34336e+03    -1.77264e-07     3.30000e+02    -3.81638e+02    -5.03591e-08     3.10000e+02     2.65504e-05     2.42062e+02     3.10000e+02     5.81944e+02     5.25732e+02     3.10000e+02     1.26702e+01     6.36397e+02     3.10000e+02     4.37381e-04     4.85657e+02     3.10000e+02     7.09025e-05     2.55421e+02
    24    550.0000       10     3.30000e+02    -1.16324e+03    -1.53496e-07     3.30000e+02    -1.36086e+03    -1.79573e-07     3.30000e+02    -3.88694e+02    -5.12902e-08     3.10000e+02     2.27179e-05     2.42293e+02     3.10000e+02     6.28187e+02     4.97511e+02     3.10000e+02     5.35774e+01     6.07300e+02     3.10000e+02     4.24547e-04     4.90864e+02     3.10000e+02     6.69484e-05     2.59097e+02
    25    600.0000       10     3.30000e+02    -1.17179e+03    -1.54624e-07     3.30000e+02    -1.37682e+03    -1.81679e-07     3.30000e+02    -3.95723e+02    -5.22177e-08     3.10000e+02     1.95795e-05     2.42427e+02     3.10000e+02     6.67785e+02     4.74884e+02     3.10000e+02     8.85662e+01     5.79195e+02     3.10000e+02     4.12528e-04     4.96787e+02     3.10000e+02     6.37465e-05     2.63125e+02
    26    625.0000        9     3.30000e+02    -1.17663e+03    -1.55263e-07     3.30000e+02    -1.38668e+03    -1.82979e-07     3.30000e+02    -3.99794e+02    -5.27549e-08     3.10000e+02     1.82238e-05     2.42347e+02     3.10000e+02     6.87097e+02     4.64459e+02     3.10000e+02     1.09468e+02     5.65982e+02     3.10000e+02     4.07537e-04     4.99290e+02     3.10000e+02     6.23968e-05     2.64937e+02
    27    650.0000        8     3.30000e+02    -1.18185e+03    -1.55951e-07     3.30000e+02    -1.39605e+03    -1.84216e-07     3.30000e+02    -4.03925e+02    -5.33000e-08     3.10000e+02     1.70309e-05     2.42127e+02     3.10000e+02     7.06255e+02     4.54421e+02     3.10000e+02     1.27436e+02     5.55388e+02     3.10000e+02     4.03187e-04     5.01466e+02     3.10000e+02     6.11938e-05     2.66571e+02
    28    700.0000        9     3.30000e+02    -1.19388e+03    -1.57538e-07     3.30000e+02    -1.41360e+03    -1.86532e-07     3.30000e+02    -4.11588e+02    -5.43111e-08     3.10000e+02     1.49976e-05     2.41619e+02     3.10000e+02     7.43482e+02     4.36234e+02     3.10000e+02     1.57328e+02     5.39592e+02     3.10000e+02     3.95459e-04     5.05365e+02     3.10000e+02     5.90376e-05     2.69326e+02
    29    750.0000        9     3.30000e+02    -1.20700e+03    -1.59270e-07     3.30000e+02    -1.43034e+03    -1.88741e-07     3.30000e+02    -4.19007e+02    -5.52902e-08     3.10000e+02     1.33638e-05     2.40756e+02     3.10000e+02     7.80047e+02     4.19941e+02     3.10000e+02     1.81982e+02     5.26275e+02     3.10000e+02     3.88144e-04     5.10423e+02     3.10000e+02     5.69497e-05     2.72280e+02
    30    800.0000       11     3.30000e+02    -1.22038e+03    -1.61035e-07     3.30000e+02    -1.44493e+03    -1.90666e-07     3.30000e+02    -4.25885e+02    -5.61977e-08     3.10000e+02     1.19686e-05     2.39711e+02     3.10000e+02     8.14800e+02     4.05890e+02     3.10000e+02     2.03213e+02     5.12411e+02     3.10000e+02     3.85528e-04     5.16074e+02     3.10000e+02     5.50735e-05     2.75379e+02
    31    850.0000       10     3.30000e+02    -1.23356e+03    -1.62775e-07     3.30000e+02    -1.45851e+03    -1.92458e-07     3.30000e+02    -4.32256e+02    -5.70384e-08     3.10000e+02     1.07544e-05     2.38570e+02     3.10000e+02     8.50002e+02     3.92118e+02     3.10000e+02     2.21986e+02     4.97884e+02     3.10000e+02     4.50593e-04     5.22718e+02     3.10000e+02     5.34287e-05     2.78361e+02
    32    900.0000       11     3.30000e+02    -1.24897e+03    -1.64808e-07     3.30000e+02    -1.47168e+03    -1.94196e-07     3.30000e+02    -4.38613e+02    -5.78772e-08     3.10000e+02     9.68593e-06     2.37389e+02     3.10000e+02     8.87182e+02     3.78483e+02     3.10000e+02     2.41502e+02     4.85185e+02     3.10000e+02     2.38350e-01     5.26958e+02     3.10000e+02     5.19234e-05     2.81146e+02
    33    950.0000        9     3.30000e+02    -1.26450e+03    -1.66858e-07     3.30000e+02    -1.48169e+03    -1.95517e-07     3.30000e+02    -4.44127e+02    -5.86048e-08     3.10000e+02     8.78212e-06     2.36030e+02     3.10000e+02     9.23965e+02     3.65136e+02     3.10000e+02     2.59825e+02     4.75435e+02     3.10000e+02     7.29338e+00     5.16025e+02     3.10000e+02     5.02541e-05     2.86471e+02
    34   1000.0000        9     3.30000e+02    -1.27729e+03    -1.68546e-07     3.30000e+02    -1.49111e+03    -1.96760e-07     3.30000e+02    -4.49727e+02    -5.93438e-08     3.10000e+02     7.94864e-06     2.34677e+02     3.10000e+02     9.56037e+02     3.51579e+02     3.10000e+02     2.76195e+02     4.64007e+02     3.10000e+02     3.25985e+01     4.96041e+02     3.10000e+02     4.96386e-05     2.89951e+02
