    TS       Day   Newton          I1:BHP          I1:WIR          I1:OIR          I2:BHP          I2:WIR          I2:OIR          I3:BHP          I3:WIR          I3:OIR          P1:BHP          P1:WPR          P1:OPR          P2:BHP          P2:WPR          P2:OPR          P3:BHP          P3:WPR          P3:OPR          P4:BHP          P4:WPR          P4:OPR          P5:BHP          P5:WPR          P5:OPR
    0    0.0000        0     3.30000e+02    -1.53366e+03    -2.02375e-07     3.30000e+02    -1.09218e+03    -1.44119e-07     3.30000e+02    -1.05095e+03    -1.38678e-07     3.10000e+02     2.66909e-07     3.52200e+03     3.10000e+02     3.00721e-07     3.96818e+03     3.10000e+02     2.79915e-07     3.69363e+03     3.10000e+02     2.87718e-07     3.79659e+03     3.10000e+02     2.66909e-07     3.52200e+03
    1    0.0100        1     3.30000e+02    -8.80868e+02    -1.16235e-07     3.30000e+02    -5.89943e+02    -7.78460e-08     3.30000e+02    -5.86595e+02    -7.74043e-08     3.10000e+02     1.37916e-02     2.02912e+03     3.10000e+02     1.75409e-02     2.27968e+03     3.10000e+02     1.44450e-02     2.33941e+03     3.10000e+02     1.59228e-02     2.22896e+03     3.10000e+02     1.38305e-02     2.01470e+03
    2    0.0300        1     3.30000e+02    -7.38849e+02    -9.74949e-08     3.30000e+02    -4.93988e+02    -6.51843e-08     3.30000e+02    -4.98299e+02    -6.57531e-08     3.10000e+02     1.40595e-02     1.76871e+03     3.10000e+02     1.78581e-02     1.98396e+03     3.10000e+02     1.50940e-02     2.13452e+03     3.10000e+02     1.62860e-02     2.00492e+03     3.10000e+02     1.40591e-02     1.78340e+03
    3    0.0700        1     3.30000e+02    -6.41159e+02    -8.46042e-08     3.30000e+02    -4.32826e+02    -5.71136e-08     3.30000e+02    -4.37102e+02    -5.76778e-08     3.10000e+02     1.38563e-02     1.60234e+03     3.10000e+02     1.75943e-02     1.80513e+03     3.10000e+02     1.52112e-02     2.01288e+03     3.10000e+02     1.61997e-02     1.88841e+03     3.10000e+02     1.39045e-02     1.64197e+03
    4    0.1500        2     3.30000e+02    -5.52735e+02    -7.29362e-08     3.30000e+02    -3.71699e+02    -4.90477e-08     3.30000e+02    -3.72526e+02    -4.91568e-08     3.10000e+02     1.33556e-02     1.43423e+03     3.10000e+02     1.70724e-02     1.65473e+03     3.10000e+02     1.51041e-02     1.90257e+03     3.10000e+02     1.59146e-02     1.77978e+03     3.10000e+02     1.35244e-02     1.49936e+03
    5    0.3100        2     3.30000e+02    -4.80885e+02    -6.34553e-08     3.30000e+02    -3.15505e+02    -4.16325e-08     3.30000e+02    -3.07956e+02    -4.06364e-08     3.10000e+02     1.24843e-02     1.25054e+03     3.10000e+02     1.63220e-02     1.51628e+03     3.10000e+02     1.47696e-02     1.78219e+03     3.10000e+02     1.53693e-02     1.64523e+03     3.10000e+02     1.28657e-02     1.34207e+03
    6    0.6300        2     3.30000e+02    -4.43262e+02    -5.84907e-08     3.30000e+02    -2.78394e+02    -3.67355e-08     3.30000e+02    -2.54310e+02    -3.35575e-08     3.10000e+02     1.11904e-02     1.05438e+03     3.10000e+02     1.53375e-02     1.38343e+03     3.10000e+02     1.41500e-02     1.63141e+03     3.10000e+02     1.44431e-02     1.46716e+03     3.10000e+02     1.18800e-02     1.16921e+03
    7    1.2700        3     3.30000e+02    -4.58584e+02    -6.05125e-08     3.30000e+02    -2.92852e+02    -3.86434e-08     3.30000e+02    -2.24129e+02    -2.95750e-08     3.10000e+02     9.47071e-03     8.51309e+02     3.10000e+02     1.41149e-02     1.25356e+03     3.10000e+02     1.31754e-02     1.43773e+03     3.10000e+02     1.30606e-02     1.25075e+03     3.10000e+02     1.05403e-02     9.81337e+02
    8    2.5500        3     3.30000e+02    -5.31298e+02    -7.01075e-08     3.30000e+02    -4.03788e+02    -5.32820e-08     3.30000e+02    -2.24975e+02    -2.96866e-08     3.10000e+02     7.36686e-03     6.46961e+02     3.10000e+02     1.26405e-02     1.12353e+03     3.10000e+02     1.17739e-02     1.19851e+03     3.10000e+02     1.12263e-02     1.01087e+03     3.10000e+02     8.81399e-03     7.77395e+02
    9    5.1100        4     3.30000e+02    -6.47137e+02    -8.53931e-08     3.30000e+02    -6.08014e+02    -8.02306e-08     3.30000e+02    -2.55190e+02    -3.36737e-08     3.10000e+02     5.05295e-03     4.56274e+02     3.10000e+02     1.08763e-02     9.96036e+02     3.10000e+02     9.90053e-03     9.39488e+02     3.10000e+02     9.04032e-03     7.73685e+02     3.10000e+02     6.71858e-03     5.66476e+02
   10   10.2300        5     3.30000e+02    -7.74587e+02    -1.02211e-07     3.30000e+02    -8.30657e+02    -1.09610e-07     3.30000e+02    -3.00648e+02    -3.96721e-08     3.10000e+02     2.95168e-03     3.09541e+02     3.10000e+02     8.74330e-03     8.92269e+02     3.10000e+02     7.74749e-03     7.19260e+02     3.10000e+02     6.78201e-03     5.78709e+02     3.10000e+02     4.54137e-03     3.81361e+02
   11   20.4700       11     3.30000e+02    -8.68349e+02    -1.14583e-07     3.30000e+02    -9.91383e+02    -1.30818e-07     3.30000e+02    -3.40066e+02    -4.48735e-08     3.10000e+02     1.48760e-03     2.31889e+02     3.10000e+02     6.13193e-03     8.41200e+02     3.10000e+02     5.71921e-03     5.95164e+02     3.10000e+02     4.85133e-03     4.65082e+02     3.10000e+02     2.84859e-03     2.65085e+02
   12   40.9500       13     3.30000e+02    -9.21571e+02    -1.21606e-07     3.30000e+02    -1.07832e+03    -1.42290e-07     3.30000e+02    -3.60780e+02    -4.76067e-08     3.10000e+02     6.45632e-04     2.11161e+02     3.10000e+02     3.42242e-03     8.41695e+02     3.10000e+02     3.79917e-03     5.61685e+02     3.10000e+02     3.26826e-03     4.28657e+02     3.10000e+02     1.75710e-03     2.22623e+02
   13   50.0000        7     3.30000e+02    -9.39713e+02    -1.24000e-07     3.30000e+02    -1.10724e+03    -1.46106e-07     3.30000e+02    -3.65208e+02    -4.81910e-08     3.10000e+02     4.37696e-04     2.10331e+02     3.10000e+02     2.56930e-03     8.50522e+02     3.10000e+02     3.15007e-03     5.62099e+02     3.10000e+02     2.77290e-03     4.26067e+02     3.10000e+02     1.45478e-03     2.17711e+02
   14   90.9600       19     3.30000e+02    -9.70334e+02    -1.28041e-07     3.30000e+02    -1.14896e+03    -1.51612e-07     3.30000e+02    -3.64926e+02    -4.81538e-08     3.10000e+02     1.99076e-04     2.15931e+02     3.10000e+02     2.12066e-03     8.77994e+02     3.10000e+02     1.76824e-03     5.77886e+02     3.10000e+02     1.75424e-03     4.33487e+02     3.10000e+02     8.01376e-04     2.21206e+02
   15  100.0000        6     3.30000e+02    -9.82714e+02    -1.29674e-07     3.30000e+02    -1.16324e+03    -1.53495e-07     3.30000e+02    -3.65038e+02    -4.81687e-08     3.10000e+02     1.66235e-04     2.17651e+02     3.10000e+02     2.15162e-03     8.87807e+02     3.10000e+02     1.51976e-03     5.82912e+02     3.10000e+02     1.57353e-03     4.36088e+02     3.10000e+02     6.81821e-04     2.22804e+02
   16  150.0000       17     3.30000e+02    -1.01160e+03    -1.33486e-07     3.30000e+02    -1.18328e+03    -1.56140e-07     3.30000e+02    -3.61070e+02    -4.76451e-08     3.10000e+02     1.15485e-04     2.25831e+02     3.10000e+02     4.60465e+01     8.61679e+02     3.10000e+02     9.51579e-04     5.96304e+02     3.10000e+02     1.10556e-03     4.42139e+02     3.10000e+02     3.79229e-04     2.27033e+02
   17  200.0000       16     3.30000e+02    -1.04263e+03    -1.37580e-07     3.30000e+02    -1.20838e+03    -1.59453e-07     3.30000e+02    -3.60005e+02    -4.75045e-08     3.10000e+02     9.04612e-05     2.31999e+02     3.10000e+02     1.43202e+02     7.95758e+02     3.10000e+02     6.93326e-04     6.08568e+02     3.10000e+02     8.55401e-04     4.48303e+02     3.10000e+02     2.35293e-04     2.31139e+02
   18  250.0000       15     3.30000e+02    -1.07484e+03    -1.41831e-07     3.30000e+02    -1.23700e+03    -1.63229e-07     3.30000e+02    -3.59779e+02    -4.74747e-08     3.10000e+02     7.22597e-05     2.34357e+02     3.10000e+02     2.45209e+02     7.37175e+02     3.10000e+02     5.67387e-04     6.18928e+02     3.10000e+02     7.09150e-04     4.54272e+02     3.10000e+02     1.62455e-04     2.35064e+02
   19  300.0000       12     3.30000e+02    -1.09879e+03    -1.44991e-07     3.30000e+02    -1.26309e+03    -1.66671e-07     3.30000e+02    -3.61306e+02    -4.76762e-08     3.10000e+02     5.80311e-05     2.36004e+02     3.10000e+02     3.32837e+02     6.81886e+02     3.10000e+02     5.01018e-04     6.28494e+02     3.10000e+02     6.18852e-04     4.60437e+02     3.10000e+02     1.23223e-04     2.39260e+02
   20  350.0000       14     3.30000e+02    -1.11741e+03    -1.47449e-07     3.30000e+02    -1.28716e+03    -1.69848e-07     3.30000e+02    -3.64904e+02    -4.81510e-08     3.10000e+02     4.69985e-05     2.37771e+02     3.10000e+02     4.07310e+02     6.35385e+02     3.10000e+02     4.64256e-04     6.37133e+02     3.10000e+02     5.60854e-04     4.66213e+02     3.10000e+02     1.00850e-04     2.43188e+02
   21  400.0000       13     3.30000e+02    -1.13281e+03    -1.49480e-07     3.30000e+02    -1.30849e+03    -1.72662e-07     3.30000e+02    -3.70006e+02    -4.88242e-08     3.10000e+02     3.85216e-05     2.39328e+02     3.10000e+02     4.70770e+02     5.96400e+02     3.10000e+02     4.56531e-04     6.45093e+02     3.10000e+02     5.21836e-04     4.71692e+02     3.10000e+02     8.73336e-05     2.46991e+02
   22  450.0000       12     3.30000e+02    -1.14369e+03    -1.50916e-07     3.30000e+02    -1.32698e+03    -1.75102e-07     3.30000e+02    -3.76179e+02    -4.96388e-08     3.10000e+02     3.19308e-05     2.41062e+02     3.10000e+02     5.26619e+02     5.58446e+02     3.10000e+02     8.63893e-02     6.53187e+02     3.10000e+02     4.94079e-04     4.76913e+02     3.10000e+02     7.86627e-05     2.50520e+02
   23  500.0000       12     3.30000e+02    -1.15357e+03    -1.52220e-07     3.30000e+02    -1.34317e+03    -1.77239e-07     3.30000e+02    -3.81461e+02    -5.03358e-08     3.10000e+02     2.69225e-05     2.42051e+02     3.10000e+02     5.81177e+02     5.26204e+02     3.10000e+02     1.22338e+01     6.36809e+02     3.10000e+02     4.70657e-04     4.85523e+02     3.10000e+02     7.27397e-05     2.55342e+02
   24  550.0000       11     3.30000e+02    -1.16311e+03    -1.53478e-07     3.30000e+02    -1.36065e+03    -1.79545e-07     3.30000e+02    -3.88496e+02    -5.12641e-08     3.10000e+02     2.30273e-05     2.42287e+02     3.10000e+02     6.27524e+02     4.97921e+02     3.10000e+02     5.31305e+01     6.07570e+02     3.10000e+02     4.55662e-04     4.90767e+02     3.10000e+02     6.88456e-05     2.59031e+02
   25  600.0000       12     3.30000e+02    -1.17166e+03    -1.54607e-07     3.30000e+02    -1.37659e+03    -1.81648e-07     3.30000e+02    -3.95522e+02    -5.21912e-08     3.10000e+02     1.98385e-05     2.42426e+02     3.10000e+02     6.67202e+02     4.75227e+02     3.10000e+02     8.80588e+01     5.79489e+02     3.10000e+02     4.41969e-04     4.96698e+02     3.10000e+02     6.57134e-05     2.63069e+02
   26  650.0000       19     3.30000e+02    -1.18140e+03    -1.55892e-07     3.30000e+02    -1.39445e+03    -1.84005e-07     3.30000e+02    -4.03172e+02    -5.32006e-08     3.10000e+02     1.73460e-05     2.42059e+02     3.10000e+02     7.04866e+02     4.55107e+02     3.10000e+02     1.25007e+02     5.56495e+02     3.10000e+02     4.31650e-04     5.00950e+02     3.10000e+02     6.33001e-05     2.66243e+02
   27  700.0000       17     3.30000e+02    -1.19348e+03    -1.57485e-07     3.30000e+02    -1.41261e+03    -1.86401e-07     3.30000e+02    -4.10942e+02    -5.42260e-08     3.10000e+02     1.52553e-05     2.41586e+02     3.10000e+02     7.42257e+02     4.36881e+02     3.10000e+02     1.56110e+02     5.39999e+02     3.10000e+02     4.22429e-04     5.04981e+02     3.10000e+02     6.10865e-05     2.69058e+02
   28  750.0000        9     3.30000e+02    -1.20661e+03    -1.59218e-07     3.30000e+02    -1.42962e+03    -1.88645e-07     3.30000e+02    -4.18462e+02    -5.52182e-08     3.10000e+02     1.35781e-05     2.40740e+02     3.10000e+02     7.79045e+02     4.20375e+02     3.10000e+02     1.81196e+02     5.26552e+02     3.10000e+02     4.14234e-04     5.10087e+02     3.10000e+02     5.89969e-05     2.72038e+02
   29  800.0000       11     3.30000e+02    -1.22002e+03    -1.60987e-07     3.30000e+02    -1.44433e+03    -1.90586e-07     3.30000e+02    -4.25417e+02    -5.61359e-08     3.10000e+02     1.21485e-05     2.39703e+02     3.10000e+02     8.13922e+02     4.06225e+02     3.10000e+02     2.02491e+02     5.12793e+02     3.10000e+02     4.11064e-04     5.15738e+02     3.10000e+02     5.71270e-05     2.75166e+02
   30  850.0000        9     3.30000e+02    -1.23316e+03    -1.62722e-07     3.30000e+02    -1.45795e+03    -1.92384e-07     3.30000e+02    -4.31828e+02    -5.69819e-08     3.10000e+02     1.09043e-05     2.38573e+02     3.10000e+02     8.49024e+02     3.92476e+02     3.10000e+02     2.21252e+02     4.98282e+02     3.10000e+02     5.00170e-04     5.22435e+02     3.10000e+02     5.54858e-05     2.78169e+02
   31  900.0000       13     3.30000e+02    -1.24847e+03    -1.64742e-07     3.30000e+02    -1.47113e+03    -1.94123e-07     3.30000e+02    -4.38199e+02    -5.78227e-08     3.10000e+02     9.80965e-06     2.37411e+02     3.10000e+02     8.86071e+02     3.78837e+02     3.10000e+02     2.40801e+02     4.85567e+02     3.10000e+02     2.58079e-01     5.26611e+02     3.10000e+02     5.39700e-05     2.81013e+02
   32  950.0000        9     3.30000e+02    -1.26408e+03    -1.66802e-07     3.30000e+02    -1.48120e+03    -1.95453e-07     3.30000e+02    -4.43753e+02    -5.85554e-08     3.10000e+02     8.88925e-06     2.36058e+02     3.10000e+02     9.22936e+02     3.65523e+02     3.10000e+02     2.59223e+02     4.75846e+02     3.10000e+02     7.57595e+00     5.15393e+02     3.10000e+02     5.23353e-05     2.86344e+02
   33 1000.0000       10     3.30000e+02    -1.27695e+03    -1.68500e-07     3.30000e+02    -1.49071e+03    -1.96707e-07     3.30000e+02    -4.49392e+02    -5.92997e-08     3.10000e+02     8.04248e-06     2.34703e+02     3.10000e+02     9.55113e+02     3.51968e+02     3.10000e+02     2.75625e+02     4.64392e+02     3.10000e+02     3.26696e+01     4.95720e+02     3.10000e+02     5.17197e-05     2.89801e+02
